,avgcpu,labels
0,-0.9733043,-0.9859636055636546
1,-0.9733043,-0.9675771782534535
2,-0.9733043,-0.9830743182143571
3,-0.9733043,-0.9668306535691964
4,-0.9733043,-0.9842737374304745
5,-0.9733043,-0.9641420175237072
6,-0.9733043,-0.9824821878243019
7,-0.9733043,-0.9668706864537795
8,-0.9733043,-0.9845189401870768
9,-0.9733043,-0.967733781468402
10,-0.9733043,-0.982658428748204
11,-0.9733043,-0.9648222023920876
12,-0.9733043,-0.9798790840903205
13,-0.9733043,-0.9661071318062853
14,-0.9733043,-0.9767668468679921
15,-0.9733043,-0.9662235497793749
16,-0.9733043,-0.9847182929664429
17,-0.9733043,-0.9629087077869126
18,-0.9733043,-0.9853505621071899
19,-0.9733043,-0.9677336553150255
20,-0.9733043,-0.9848992951969879
21,-0.9733043,-0.9634240377687264
22,-0.9733043,-0.9810638733206634
23,-0.9733043,-0.9657551954848246
24,-0.9733043,-0.9816222986639063
25,-0.9733043,-0.9687386668883011
26,-0.9733043,-0.9834918498806333
27,-0.9733043,-0.9640009251019716
28,-0.9733043,-0.9854304513687909
29,-0.9733043,-0.9638390175882637
30,-0.9733043,-0.9818663320652988
31,-0.9733043,-0.9647702625275633
32,-0.9733043,-0.9808956382274947
33,-0.9733043,-0.9628143520049821
34,-0.9733043,-0.9871112037791058
35,-0.9733043,-0.965468809707632
36,-0.9733043,-0.9858788593169209
37,-0.9733043,-0.9689620937492376
38,-0.9733043,-0.9748170668811179
39,-0.9733043,-0.9657097496860307
40,-0.9733043,-0.986443397054104
41,-0.9733043,-0.9661604775453075
42,-0.9733043,-0.9829320618674887
43,-0.9733043,-0.967502289293499
44,-0.9733043,-0.9853827945362694
45,-0.9733043,-0.9706514472948476
46,-0.9733043,-0.9835850348229367
47,-0.9733043,-0.9750499239403461
48,-0.9733043,-0.9885187873901622
49,-0.9733043,-0.975695865778994
50,-0.9733043,-0.981889281818733
51,-0.9733043,-0.9761043702497036
52,-0.9733043,-0.9797212174787447
53,-0.9733043,-0.9741269528734281
54,-0.9733043,-0.9853417227679702
55,-0.9733043,-0.9716238977907193
56,-0.9733043,-0.9859500629088072
57,-0.9733043,-0.9739181870946189
58,-0.9733043,-0.9813107557933808
59,-0.9733043,-0.9741053073301245
60,-0.9733043,-0.9846010853961648
61,-0.9733043,-0.9768236272586377
62,-0.9733043,-0.9840668988064716
63,-0.9733043,-0.9732742122290563
64,-0.9733043,-0.9852348966354206
65,-0.9733043,-0.9733235124859744
66,-0.9733043,-0.9820558504072975
67,-0.9733043,-0.9732173022330176
68,-0.9733043,-0.9826793118222277
69,-0.9733043,-0.9762363657906521
70,-0.9733043,-0.9835923644460258
71,-0.9733043,-0.9733536276944079
72,-0.9733043,-0.984861997212509
73,-0.9733043,-0.9743213037874228
74,-0.9733043,-0.9814173377586168
75,-0.9733043,-0.972939839278792
76,-0.9733043,-0.9814496324762153
77,-0.9733043,-0.973133534090142
78,-0.9733043,-0.982135713926981
79,-0.9733043,-0.9700542581635073
80,-0.9733043,-0.9820290824138396
81,-0.9733043,-0.9706649615790447
82,-0.9733043,-0.9818434439814945
83,-0.9733043,-0.9745838453509302
84,-0.9733043,-0.9843577265008984
85,-0.9733043,-0.974282989286498
86,-0.9733043,-0.9803432812182782
87,-0.9733043,-0.9744357127727586
88,-0.9733043,-0.9831536008087602
89,-0.9733043,-0.9737434307427966
90,-0.9733043,-0.9832468388416072
91,-0.9733043,-0.9780132832728328
92,-0.9733043,-0.9840873594760999
93,-0.9733043,-0.9710772042662044
94,-0.9733043,-0.9847137384648919
95,-0.9733043,-0.9691447536059004
96,-0.9733043,-0.9816614156494725
97,-0.9733043,-0.9781854093907211
98,-0.9733043,-0.9845482622103174
99,-0.9733043,-0.9750558279090706
100,-0.9733043,-0.9840163062413246
101,-0.9733043,-0.9764446370507175
102,-0.9733043,-0.9865690214179563
103,-0.9733043,-0.9751413251080484
104,-0.9733043,-0.985784973452179
105,-0.9733043,-0.9746918732683689
106,-0.9733043,-0.9848836966056276
107,-0.9733043,-0.9745069756488685
108,-0.9733043,-0.9842921674921143
109,-0.9733043,-0.9746123341227443
110,-0.9733043,-0.9829427670751469
111,-0.9733043,-0.9777552515060293
112,-0.9733043,-0.9857207428127523
113,-0.9733043,-0.9753742382201824
114,-0.9733043,-0.9839681766044384
115,-0.9733043,-0.9729508399680904
116,-0.9733043,-0.9835976168681779
117,-0.9733043,-0.9736744523079822
118,-0.9733043,-0.987201456474075
119,-0.9733043,-0.9779904940604367
120,-0.9733043,-0.9793147221800264
121,-0.9733043,-0.977645684124516
122,-0.9733043,-0.9810713335276384
123,-0.9733043,-0.9832450285583778
124,-0.9733043,-0.9848632393147843
125,-0.9733043,-0.9766912739493473
126,-0.9733043,-0.9791572272939755
127,-0.9733043,-0.9798385771135183
128,-0.9733043,-0.9824706329801582
129,-0.9733043,-0.9790625520241687
130,-0.9733043,-0.9814189284229972
131,-0.9733043,-0.9753497764681804
132,-0.9733043,-0.9862749855294273
133,-0.9733043,-0.976430405262914
134,-0.9733043,-0.9270557010453644
135,-0.9733043,-0.9804662668685236
136,-0.9733043,-0.9803796220566702
137,-0.9733043,-0.9778522441959836
138,-0.9733043,-0.9805695155319476
139,-0.9733043,-0.9818051037326894
140,-0.9733043,-0.9812207647663603
141,-0.9733043,-0.9822726600644749
142,-0.9733043,-0.9833460266417025
143,-0.9733043,-0.9803893600298839
144,-0.9733043,-0.9839082705797327
145,-0.9733043,-0.9809673512429535
146,-0.9733043,-0.9764322824532129
147,-0.9733043,-0.9779344891141231
148,-0.9733043,-0.9816996884947117
149,-0.9733043,-0.9869248479322782
150,-0.9733043,-0.9772852546546188
151,-0.9733043,-0.9893379529166074
152,-0.9733043,-0.9685596345875933
153,-0.9733043,-0.9832843973705485
154,-0.9733043,-0.9728676674930778
155,-0.9733043,-0.982952681734901
156,-0.9733043,-0.9752846041025971
157,-0.9733043,-0.986982468882057
158,-0.9733043,-0.9713129311275673
159,-0.9733043,-0.9826539269128212
160,-0.9733043,-0.9784465546311009
161,-0.9733043,-0.9840690939664767
162,-0.9733043,-0.9755627129102071
163,-0.9733043,-0.9871462557003445
164,-0.9733043,-0.9745247594552449
165,-0.9733043,-0.9817102404554775
166,-0.9733043,-0.9709305725927695
167,-0.9733043,-0.9811848456388031
168,-0.9733043,-0.9753183972028387
169,-0.9733043,-0.9866679131390443
170,-0.9733043,-0.970470508219947
171,-0.9733043,-0.9784967306786594
172,-0.9733043,-0.9692354131967229
173,-0.9733043,-0.9750280260914275
174,-0.9733043,-0.9678635529172156
175,-0.9733043,-0.9884865599203578
176,-0.9733043,-0.9736895003427606
177,-0.9733043,-0.9820567308013846
178,-0.9733043,-0.9754306738385161
179,-0.9733043,-0.9872062105136491
180,-0.9733043,-0.9724890463668316
181,-0.9733043,-0.9885216531899899
182,-0.9733043,-0.9246620337284787
183,-0.9733043,-0.9859063379567043
184,-0.9733043,-0.9730235713763385
185,-0.9733043,-0.9883183048657191
186,-0.9733043,-0.948301111754339
187,-0.9733043,-0.987566819949119
188,-0.9733043,-0.9753189645745222
189,-0.9733043,-0.9806404595416023
190,-0.9733043,-0.9724137470386369
191,-0.9733043,-0.9869461460623075
192,-0.9733043,-0.9728261907147397
193,-0.9733043,-0.9921847058276982
194,-0.9733043,-0.9720960268191317
195,-0.9733043,-0.9904424006125501
196,-0.9733043,-0.9782425780393114
197,-0.9733043,-0.9843083699833653
198,-0.9733043,-0.9749634485136024
199,-0.9733043,-0.9888711268340583
200,-0.9733043,-0.9742995413534576
201,-0.9733043,-0.9868116335127726
202,-0.9733043,-0.977900102480459
203,-0.9733043,-0.9827875970561104
204,-0.9733043,-0.9736778961932943
205,-0.9733043,-0.9865239154503441
206,-0.9733043,-0.9743795623384062
207,-0.9733043,-0.9875033844347889
208,-0.9733043,-0.974730017567762
209,-0.9733043,-0.981725279193751
210,-0.9733043,-0.9760251614229078
211,-0.9733043,-0.985311650448656
212,-0.9733043,-0.9758470763593106
213,-0.9733043,-0.9888227585066139
214,-0.9733043,-0.9701500955316137
215,-0.9733043,-0.983920004766951
216,-0.9733043,-0.9767472506005388
217,-0.9733043,-0.9901332073406875
218,-0.9733043,-0.9685103074082437
219,-0.9733043,-0.9877088842174376
220,-0.9733043,-0.975678663032238
221,-0.9733043,-0.98711918325639
222,-0.9733043,-0.9786968403487636
223,-0.9733043,-0.9864223467799206
224,-0.9733043,-0.969953132411668
225,-0.9733043,-0.9846513276208361
226,-0.9733043,-0.9748126749777808
227,-0.9733043,-0.9857431207517993
228,-0.9733043,-0.9761831493025218
229,-0.9733043,-0.9855057858532192
230,-0.9733043,-0.9305998563158142
231,-0.9733043,-0.9803274065042697
232,-0.9733043,-0.9777078744843926
233,-0.9733043,-0.9862256010456564
234,-0.9733043,-0.9745478569118854
235,-0.9733043,-0.9850286590504916
236,-0.9733043,-0.9741885083067126
237,-0.9733043,-0.9827492894969012
238,-0.9733043,-0.9745438881659856
239,-0.9733043,-0.9864650655958649
240,-0.9733043,-0.9740313875260342
241,-0.9733043,-0.9866649456476226
242,-0.9733043,-0.9718107681848094
243,-0.9733043,-0.9833434028351946
244,-0.9733043,-0.9767139489529392
245,-0.9733043,-0.984560792223198
246,-0.9733043,-0.9748345399900054
247,-0.9733043,-0.9810720254263957
248,-0.9733043,-0.9739667292290757
249,-0.9733043,-0.9861440928462109
250,-0.9733043,-0.9710505867226713
251,-0.9733043,-0.9861494539354163
252,-0.9733043,-0.9811706837798713
253,-0.9733043,-0.9820825030020482
254,-0.9733043,-0.9730061196089564
255,-0.9733043,-0.9890983505102215
256,-0.9733043,-0.9714149324580552
257,-0.9733043,-0.9839329810855341
258,-0.9733043,-0.9692068073427254
259,-0.9733043,-0.9834655130594545
260,-0.9733043,-0.9674866404882294
261,-0.9733043,-0.990658732926152
262,-0.9733043,-0.9637602214474025
263,-0.9733043,-0.9880603610692719
264,-0.9733043,-0.969658850909878
265,-0.9733043,-0.9876464666686035
266,-0.9733043,-0.9696298670839298
267,-0.9733043,-0.9792298778505433
268,-0.9733043,-0.9715875462578375
269,-0.9733043,-0.9824390533761801
270,-0.9733043,-0.9286367867123955
271,-0.9733043,-0.9821186786906945
272,-0.9733043,-0.9591075106349611
273,-0.9733043,-0.9830663263403043
274,-0.9733043,-0.9639566343755228
275,-0.9733043,-0.9839568611913065
276,-0.9733043,-0.9750848485355935
277,-0.9733043,-0.9718552676481994
278,-0.9733043,-0.9291639235914901
279,-0.9733043,-0.9724424637637561
280,-0.9733043,-0.9797821807360345
281,-0.9733043,-0.9675664662672706
282,-0.9733043,-0.9749044501181361
283,-0.9733043,-0.9729817264341125
284,-0.9733043,-0.9763010650339417
285,-0.9733043,-0.972531568425016
286,-0.9733043,-0.975689559891825
287,-0.9733043,-0.9698815336196854
288,-0.9733043,-0.977986052235976
289,-0.9733043,-0.9730094088960193
290,-0.9733043,-0.9716523243091253
291,-0.9733043,-0.9744731127042063
292,-0.9733043,-0.9763492123769886
293,-0.9733043,-0.97028066304679
294,-0.9733043,-0.9758495701642537
295,-0.9733043,-0.9755832699975515
296,-0.9733043,-0.9776238062865038
297,-0.9733043,-0.9766582551590854
298,-0.9733043,-0.9767537311036776
299,-0.9733043,-0.9768916888825377
300,-0.9733043,-0.9808637208679046
301,-0.9733043,-0.9712108861708824
302,-0.9733043,-0.9748692803552291
303,-0.9733043,-0.9723946215242203
304,-0.9733043,-0.9792636923867808
305,-0.9733043,-0.9683964050474942
306,-0.9733043,-0.9807950160280108
307,-0.9733043,-0.9732246369361736
308,-0.9733043,-0.9794336187225271
309,-0.9733043,-0.9741530326229664
310,-0.9733043,-0.9770344502754587
311,-0.9733043,-0.9734496553400179
312,-0.9733043,-0.9790138330300833
313,-0.9733043,-0.972831864523423
314,-0.9733043,-0.9761692630929275
315,-0.9733043,-0.9709042254060328
316,-0.9733043,-0.9797344066948899
317,-0.9733043,-0.9710252452332664
318,-0.9733043,-0.980753590301702
319,-0.9733043,-0.9704224809792947
320,-0.9733043,-0.9780986007259939
321,-0.9733043,-0.9736578741033408
322,-0.9733043,-0.9784323182997848
323,-0.9733043,-0.9735300509930043
324,-0.9733043,-0.9819175334228863
325,-0.9733043,-0.9742151049155581
326,-0.9733043,-0.9269704059562013
327,-0.9733043,-0.9746575829048413
328,-0.9733043,-0.982411445901637
329,-0.9733043,-0.9738461969335747
330,-0.9733043,-0.97783584660231
331,-0.9733043,-0.9731302298097048
332,-0.9733043,-0.9754730072730874
333,-0.9733043,-0.975172156494714
334,-0.9733043,-0.978231024778586
335,-0.9733043,-0.972875935960255
336,-0.9733043,-0.98278701147716
337,-0.9733043,-0.9736739777808372
338,-0.9733043,-0.9824594219538573
339,-0.9733043,-0.9662404355609115
340,-0.9733043,-0.98279507693586
341,-0.9733043,-0.9712509642004101
342,-0.9733043,-0.9798022920793222
343,-0.9733043,-0.9698769386166686
344,-0.9733043,-0.9817358075150003
345,-0.9733043,-0.9732438451239683
346,-0.9733043,-0.977945670356853
347,-0.9733043,-0.9788057882459482
348,-0.9733043,-0.9880528188537979
349,-0.9733043,-0.9707963864226455
350,-0.9733043,-0.9786030155220105
351,-0.9733043,-0.9740608010351538
352,-0.9733043,-0.9805586926542945
353,-0.9733043,-0.9723636463378931
354,-0.9733043,-0.976926331918718
355,-0.9733043,-0.9721274104636541
356,-0.9733043,-0.9825716132608497
357,-0.9733043,-0.9764120101989364
358,-0.9733043,-0.9759516330530977
359,-0.9733043,-0.9745216493277317
360,-0.9733043,-0.9871224013308039
361,-0.9733043,-0.970005107836072
362,-0.9733043,-0.9776369985590567
363,-0.9733043,-0.9716077930939666
364,-0.9733043,-0.974753216596124
365,-0.9733043,-0.9754278199163945
366,-0.9733043,-0.9774621054526212
367,-0.9733043,-0.9727017808198143
368,-0.9733043,-0.9796448220413386
369,-0.9733043,-0.9764789080308798
370,-0.9733043,-0.9779233650507136
371,-0.9733043,-0.9743974624610301
372,-0.9733043,-0.9888547532601768
373,-0.9733043,-0.9745858946253815
374,-0.9733043,-0.9702719497546625
375,-0.9733043,-0.9722720085969561
376,-0.9733043,-0.9788490508410519
377,-0.9733043,-0.9734077101766774
378,-0.9733043,-0.9806679922255167
379,-0.9733043,-0.9717977706826086
380,-0.9733043,-0.9786543196169035
381,-0.9733043,-0.9723521694963464
382,-0.9733043,-0.9760894269299856
383,-0.9733043,-0.9740439501749786
384,-0.9733043,-0.9795158045960355
385,-0.9733043,-0.9756437360671834
386,-0.9733043,-0.9893644118453773
387,-0.9733043,-0.9708294478051429
388,-0.9733043,-0.9753448325224773
389,-0.9733043,-0.9769231911255355
390,-0.9733043,-0.979087299896845
391,-0.9733043,-0.9703687366953841
392,-0.9733043,-0.9775294243344356
393,-0.9733043,-0.977230988370206
394,-0.9733043,-0.973324074020046
395,-0.9733043,-0.9709039648427836
396,-0.9733043,-0.9780571050989887
397,-0.9733043,-0.9770604146576783
398,-0.9733043,-0.9914831237231942
399,-0.9733043,-0.9747527614584255
400,-0.9733043,-0.9777291951002536
401,-0.9733043,-0.9721307936409586
402,-0.9733043,-0.9803402100526476
403,-0.9733043,-0.9859183950236527
404,-0.9733043,-0.9726065464116069
405,-0.9733043,-0.9906768608952112
406,-0.9733043,-0.9665316343741389
407,-0.9733043,-0.988031430131971
408,-0.9733043,-0.9685992098897014
409,-0.9733043,-0.9881357822660212
410,-0.9733043,-0.9686228927382605
411,-0.9733043,-0.986784366009382
412,-0.9733043,-0.9630892141701854
413,-0.9733043,-0.9832134911439273
414,-0.9733043,-0.9654077335243599
415,-0.9733043,-0.9849523285341677
416,-0.9733043,-0.9681799411645235
417,-0.9733043,-0.9878164452188125
418,-0.9733043,-0.9616759292598702
419,-0.9733043,-0.9847413121827212
420,-0.9733043,-0.9686626621990271
421,-0.9733043,-0.9874716461375426
422,-0.9733043,-0.9598403644565612
423,-0.9733043,-0.988284753513868
424,-0.9733043,-0.9712985502528477
425,-0.9733043,-0.9855009603228425
426,-0.9733043,-0.9687444217852205
427,-0.9733043,-0.9834694764492866
428,-0.9733043,-0.9655580557184172
429,-0.9733043,-0.9918307183652139
430,-0.9733043,-0.9679925419878024
431,-0.9733043,-0.9825197898675789
432,-0.9733043,-0.9682413821637772
433,-0.9733043,-0.9903468779793418
434,-0.9733043,-0.9679713490112373
435,-0.9733043,-0.9858397444629848
436,-0.9733043,-0.9676499637978764
437,-0.9733043,-0.9822264277495387
438,-0.9733043,-0.9616682827312157
439,-0.9733043,-0.9897182582292727
440,-0.9733043,-0.9693258674980765
441,-0.9733043,-0.9854561909830615
442,-0.9733043,-0.9656795465700044
443,-0.9733043,-0.9825459721324912
444,-0.9733043,-0.968346070353867
445,-0.9733043,-0.9906001622740612
446,-0.9733043,-0.9670909982879483
447,-0.9733043,-0.9883303120351752
448,-0.9733043,-0.9704089342830865
449,-0.9733043,-0.9866156058911174
450,-0.9733043,-0.9675757641188163
451,-0.9733043,-0.9911403380705304
452,-0.9733043,-0.9738237345132935
453,-0.9733043,-0.988539045587902
454,-0.9733043,-0.9684038862120936
455,-0.9733043,-0.9843189745929046
456,-0.9733043,-0.9666198729993798
457,-0.9733043,-0.9876220354156616
458,-0.9733043,-0.9705143375611347
459,-0.9733043,-0.9897869312197229
460,-0.9733043,-0.967060443749805
461,-0.9733043,-0.9847105745873608
462,-0.9733043,-0.9666024982613537
463,-0.9733043,-0.9888030758804269
464,-0.9733043,-0.988177820454707
465,-0.9733043,-0.983746341529033
466,-0.9733043,-0.9651007168578093
467,-0.9733043,-0.9872268458082244
468,-0.9733043,-0.9669890015736771
469,-0.9733043,-0.9818857056471375
470,-0.9733043,-0.9160771817051702
471,-0.9733043,-0.9886466860687855
472,-0.9733043,-0.966179404278962
473,-0.9733043,-0.9871524435451512
474,-0.9733043,-0.9672839622419088
475,-0.9733043,-0.9817779899883781
476,-0.9733043,-0.9667440898505535
477,-0.9733043,-0.9853648075037379
478,-0.9733043,-0.9694548394804611
479,-0.9733043,-0.9822746164599798
480,-0.9733043,-0.9691971420372131
481,-0.9733043,-0.9899726868771256
482,-0.9733043,-0.9697266465640524
483,-0.9733043,-0.9840328527320215
484,-0.9733043,-0.9707384908828764
485,-0.9733043,-0.9864523384836597
486,-0.9733043,-0.9438909337519183
487,-0.9733043,-0.9875135885986805
488,-0.9733043,-0.9706554531880067
489,-0.9733043,-0.9875000963579892
490,-0.9733043,-0.9748169974496786
491,-0.9733043,-0.9842812781619876
492,-0.9733043,-0.9677635659699231
493,-0.9733043,-0.9859757278600085
494,-0.9733043,-0.964797891392125
495,-0.9733043,-0.9874339304616156
496,-0.9733043,-0.9763201072687573
497,-0.9733043,-0.989436569682394
498,-0.9733043,-0.9770493120493082
499,-0.9733043,-0.9859656416521536
500,-0.9733043,-0.9750663594577254
501,-0.9733043,-0.9875773852817418
502,-0.9733043,-0.9739271967881158
503,-0.9733043,-0.9835643878673013
504,-0.9733043,-0.9809911855563315
505,-0.9733043,-0.9878878296055651
506,-0.9733043,-0.9701468841690922
507,-0.9733043,-0.9880508257277785
508,-0.9733043,-0.9750268578281315
509,-0.9733043,-0.9879281206497016
510,-0.9733043,-0.9781077132381575
511,-0.9733043,-0.9883904173281566
512,-0.9733043,-0.9750665059241347
513,-0.9733043,-0.9869658555706092
514,-0.9733043,-0.9745969659890864
515,-0.9733043,-0.9874115361069924
516,-0.9733043,-0.9796709456574322
517,-0.9733043,-0.9879316186429717
518,-0.9733043,-0.9630110408710255
519,-0.9733043,-0.98482859457668
520,-0.9733043,-0.9766351547883985
521,-0.9733043,-0.9897396194809498
522,-0.9733043,-0.9732972839283704
523,-0.9733043,-0.9866143681882159
524,-0.9733043,-0.9764832601398303
525,-0.9733043,-0.99038150861008
526,-0.9733043,-0.9786101627077598
527,-0.9733043,-0.9851522187268907
528,-0.9733043,-0.9781618572110223
529,-0.9733043,-0.9888375257560782
530,-0.9733043,-0.9732290944809565
531,-0.9733043,-0.9900965002296649
532,-0.9733043,-0.977244178647746
533,-0.9733043,-0.9859553964000319
534,-0.9733043,-0.9767326024318399
535,-0.9733043,-0.9892882099716853
536,-0.9733043,-0.9760416006479723
537,-0.9733043,-0.9863283199888173
538,-0.9733043,-0.9777947556447024
539,-0.9733043,-0.9802435964710886
540,-0.9733043,-0.9811217739641613
541,-0.9733043,-0.9869494370053601
542,-0.9733043,-0.9806508476040731
543,-0.9733043,-0.9832648988523723
544,-0.9733043,-0.9830801548972739
545,-0.9733043,-0.985546334063097
546,-0.9733043,-0.9803384028408724
547,-0.9733043,-0.9789756651027464
548,-0.9733043,-0.982137006621129
549,-0.9733043,-0.9841294754216791
550,-0.9733043,-0.983116158882356
551,-0.9733043,-0.9754377459351861
552,-0.9733043,-0.9827478558422722
553,-0.9733043,-0.9919766312079887
554,-0.9733043,-0.9782122130281398
555,-0.9733043,-0.9857845546126403
556,-0.9733043,-0.9803762356832305
557,-0.9733043,-0.9801315602322117
558,-0.9733043,-0.9780595472738884
559,-0.9733043,-0.9803739079232079
560,-0.9733043,-0.9594954814430046
561,-0.9733043,-0.9837797388476458
562,-0.9733043,-0.9815176471988191
563,-0.9733043,-0.9803011617244948
564,-0.9733043,-0.9764344781317993
565,-0.9733043,-0.9808619837312826
566,-0.9733043,-0.9254074974652982
567,-0.9733043,-0.9784190970811908
568,-0.9733043,-0.9759041472597947
569,-0.9733043,-0.9808697329189746
570,-0.9733043,-0.9763786050010208
571,-0.9733043,-0.9801799889127565
572,-0.9733043,-0.9722292278880424
573,-0.9733043,-0.9861441166988545
574,-0.9733043,-0.9718939340544926
575,-0.9733043,-0.9762260259361992
576,-0.9733043,-0.983229216180362
577,-0.9733043,-0.9781297803329321
578,-0.9733043,-0.9758130198576567
579,-0.9733043,-0.9822880595049734
580,-0.9733043,-0.9772005698557131
581,-0.9733043,-0.9766680643745584
582,-0.9733043,-0.9756768987196102
583,-0.9733043,-0.9830589982278374
584,-0.9733043,-0.9735785598925522
585,-0.9733043,-0.9777386290851076
586,-0.9733043,-0.9711319456420023
587,-0.9733043,-0.9762354954616748
588,-0.9733043,-0.9808441347186445
589,-0.9733043,-0.9804233264678233
590,-0.9733043,-0.9776883867483825
591,-0.9733043,-0.9782004940147672
592,-0.9733043,-0.9751716500179987
593,-0.9733043,-0.9808983206359148
594,-0.9733043,-0.9755347161424381
595,-0.9733043,-0.9797189390847221
596,-0.9733043,-0.9783129409095169
597,-0.9733043,-0.9783454418327162
598,-0.9733043,-0.9737900291972215
599,-0.9733043,-0.9711720281621146
600,-0.9733043,-0.9781832462447938
601,-0.9733043,-0.9801384986312467
602,-0.9733043,-0.9795459697973539
603,-0.9733043,-0.9768919151874139
604,-0.9733043,-0.9797256385535928
605,-0.9733043,-0.9787736819700253
606,-0.9733043,-0.975102388046134
607,-0.9733043,-0.977480332541972
608,-0.9733043,-0.973462604683291
609,-0.9733043,-0.9853712252344526
610,-0.9733043,-0.9711635183482947
611,-0.9733043,-0.9787035312452907
612,-0.9733043,-0.9729491386835095
613,-0.9733043,-0.9778677988693247
614,-0.9733043,-0.9663052193432078
615,-0.9733043,-0.9783298502045348
616,-0.9733043,-0.9743870233614507
617,-0.9733043,-0.9764176901566127
618,-0.9733043,-0.9787243791497245
619,-0.9733043,-0.9790471105239124
620,-0.9733043,-0.9744573707278305
621,-0.9733043,-0.9770556459478767
622,-0.9733043,-0.9745318418006488
623,-0.9733043,-0.9738230524385637
624,-0.9733043,-0.968543480091681
625,-0.9733043,-0.9726817348044141
626,-0.9733043,-0.9720589751453168
627,-0.9733043,-0.9759649668263309
628,-0.9733043,-0.9737459463234477
629,-0.9733043,-0.9776505146750666
630,-0.9733043,-0.9713609783737103
631,-0.9733043,-0.9738898237822062
632,-0.9733043,-0.9781992819568731
633,-0.9733043,-0.9784107909417633
634,-0.9733043,-0.9754072897418771
635,-0.9733043,-0.9737793910317064
636,-0.9733043,-0.9714694360774242
637,-0.9733043,-0.9763875582002098
638,-0.9733043,-0.9742042592525842
639,-0.9733043,-0.9734731026316472
640,-0.9733043,-0.9705764279777684
641,-0.9733043,-0.9750609030231845
642,-0.9733043,-0.9696702232194399
643,-0.9733043,-0.9805748328503812
644,-0.9733043,-0.9704751282076893
645,-0.9733043,-0.9780587950439764
646,-0.9733043,-0.9717406333376457
647,-0.9733043,-0.9755686265483604
648,-0.9733043,-0.97539141049363
649,-0.9733043,-0.9751319610875149
650,-0.9733043,-0.9705445809743842
651,-0.9733043,-0.9763337504588709
652,-0.9733043,-0.9750764705617124
653,-0.9733043,-0.9738988104277396
654,-0.9733043,-0.9705526058122087
655,-0.9733043,-0.9758511714776489
656,-0.9733043,-0.9710127119615614
657,-0.9733043,-0.9730914756359855
658,-0.9733043,-0.974552758696482
659,-0.9733043,-0.9751853068402678
660,-0.9733043,-0.9713656772331428
661,-0.9733043,-0.9808738192152782
662,-0.9733043,-0.9651797355423952
663,-0.9733043,-0.9751171694593157
664,-0.9733043,-0.9784177040908785
665,-0.9733043,-0.9730758017445169
666,-0.9733043,-0.9744873130529113
667,-0.9733043,-0.9739983156196227
668,-0.9733043,-0.9727502719312513
669,-0.9733043,-0.9761564350259333
670,-0.9733043,-0.9702859751555746
671,-0.9733043,-0.9775899329714206
672,-0.9733043,-0.97330694826573
673,-0.9733043,-0.9761112958009142
674,-0.9733043,-0.9713189845846313
675,-0.9733043,-0.9746689717308314
676,-0.9733043,-0.9709497768853373
677,-0.9733043,-0.9755013964728846
678,-0.9733043,-0.9702643906501864
679,-0.9733043,-0.9764604747254774
680,-0.9733043,-0.9775984974209717
681,-0.9733043,-0.9815364841320117
682,-0.9733043,-0.9734987979087109
683,-0.9733043,-0.9754325184887234
684,-0.9733043,-0.9747722075756484
685,-0.9733043,-0.9794292117294021
686,-0.9733043,-0.9704850980227152
687,-0.9733043,-0.9781184796832714
688,-0.9733043,-0.9746636664602271
689,-0.9733043,-0.97533705058106
690,-0.9733043,-0.9734835278158118
691,-0.9733043,-0.9778154128033865
692,-0.9733043,-0.9727866599854151
693,-0.9733043,-0.9782240272330304
694,-0.9733043,-0.9757748384461592
695,-0.9733043,-0.9702945245599762
696,-0.9733043,-0.9752180720312277
697,-0.9733043,-0.9737519829050689
698,-0.9733043,-0.9705626769454645
699,-0.9733043,-0.9721098919955253
700,-0.9733043,-0.9726560614091574
701,-0.9733043,-0.9801735376106113
702,-0.9733043,-0.965848952641555
703,-0.9733043,-0.9785094977912944
704,-0.9733043,-0.9654285493089266
705,-0.9733043,-0.9795124295424814
706,-0.9733043,-0.9672820325223749
707,-0.9733043,-0.980567343454693
708,-0.9733043,-0.9644333600733523
709,-0.9733043,-0.9762550611379112
710,-0.9733043,-0.9173260220608505
711,-0.9733043,-0.9824112805788288
712,-0.9733043,-0.9685143291695028
713,-0.9733043,-0.9822078797630647
714,-0.9733043,-0.9692851856784279
715,-0.9733043,-0.9807130266420419
716,-0.9733043,-0.9592657576609565
717,-0.9733043,-0.9832453986205016
718,-0.9733043,-0.9662500509960219
719,-0.9733043,-0.98156544623029
720,-0.9733043,-0.9635401769371625
721,-0.9733043,-0.9835044799926682
722,-0.9733043,-0.9585272429844724
723,-0.9733043,-0.9822134493306723
724,-0.9733043,-0.9663031433919841
725,-0.9733043,-0.9823167473309596
726,-0.9733043,-0.9646972242041398
727,-0.9733043,-0.9850749628135681
728,-0.9733043,-0.9615774728207945
729,-0.9733043,-0.9817703840500274
730,-0.9733043,-0.9581305711353767
731,-0.9733043,-0.9818368254191331
732,-0.9733043,-0.9637083674480652
733,-0.9733043,-0.9845284738102005
734,-0.9733043,-0.9632105612772501
735,-0.9733043,-0.9820887627371642
736,-0.9733043,-0.9637063952532507
737,-0.9733043,-0.9788387413380428
738,-0.9733043,-0.9656035319077013
739,-0.9733043,-0.9845061176444792
740,-0.9733043,-0.9657973438414246
741,-0.9733043,-0.986519562482352
742,-0.9733043,-0.9673968023849548
743,-0.9733043,-0.9838240881097599
744,-0.9733043,-0.9668585953861415
745,-0.9733043,-0.9852286828741648
746,-0.9733043,-0.9652248665015859
747,-0.9733043,-0.9866570634569665
748,-0.9733043,-0.9599466189686257
749,-0.9733043,-0.9809238727553358
750,-0.9733043,-0.9685094345659347
751,-0.9733043,-0.9797319871333868
752,-0.9733043,-0.9577464201605186
753,-0.9733043,-0.9815820443655212
754,-0.9733043,-0.9647820247175096
755,-0.9733043,-0.9865497986609794
756,-0.9733043,-0.9631102516806482
757,-0.9733043,-0.9832029917230907
758,-0.9733043,-0.9156146881455636
759,-0.9733043,-0.982632722754587
760,-0.9733043,-0.9754502569293397
761,-0.9733043,-0.8808151329820029
762,-0.9733043,-0.9695054034743108
763,-0.9733043,-0.9838472443781282
764,-0.9733043,-0.9643345556701045
765,-0.9733043,-0.9844772945776694
766,-0.9733043,-0.9646219221026079
767,-0.9733043,-0.9889711657137692
768,-0.9733043,-0.9690127260590339
769,-0.9733043,-0.9832044663613343
770,-0.9733043,-0.9647603797883967
771,-0.9733043,-0.9866648030452367
772,-0.9733043,-0.9664322515412418
773,-0.9733043,-0.9843383315502069
774,-0.9733043,-0.9612982822488021
775,-0.9733043,-0.9867681992925491
776,-0.9733043,-0.9705848479679244
777,-0.9733043,-0.9863587158916585
778,-0.9733043,-0.9646435679471997
779,-0.9733043,-0.980624600042697
780,-0.9733043,-0.9658478516133755
781,-0.9733043,-0.9832137681196809
782,-0.9733043,-0.9664914050904503
783,-0.9733043,-0.9875175750095244
784,-0.9733043,-0.9647155043159099
785,-0.9733043,-0.9835194660130077
786,-0.9733043,-0.9659632458908773
787,-0.9733043,-0.9824328260704951
788,-0.9733043,-0.9661513790990564
789,-0.9733043,-0.983263454644307
790,-0.9733043,-0.9647274856858736
791,-0.9733043,-0.9837655292460824
792,-0.9733043,-0.9712484984886124
793,-0.9733043,-0.9861929650637477
794,-0.9733043,-0.9627728798041438
795,-0.9733043,-0.984564304722708
796,-0.9733043,-0.9641601143339046
797,-0.9733043,-0.9845172501180346
798,-0.9733043,-0.964247868019237
799,-0.9733043,-0.9816260730229946
800,-0.9733043,-0.9603777277847079
801,-0.9733043,-0.982202284942232
802,-0.9733043,-0.9629852273358677
803,-0.9733043,-0.9851189922463306
804,-0.9733043,-0.9599076312204418
805,-0.9733043,-0.9822921052835388
806,-0.9733043,-0.9543740249582482
807,-0.9733043,-0.9835544277754774
808,-0.9733043,-0.9719845466423775
809,-0.9733043,-0.9730733646191658
810,-0.9733043,-0.9733174246247074
811,-0.9733043,-0.9804780435098831
812,-0.9733043,-0.9722803503529434
813,-0.9733043,-0.9782273472291558
814,-0.9733043,-0.9698678028690411
815,-0.9733043,-0.9757139340115132
816,-0.9733043,-0.9722791895122509
817,-0.9733043,-0.9825831840097777
818,-0.9733043,-0.9685393227429939
819,-0.9733043,-0.9757775329009939
820,-0.9733043,-0.9749432654974334
821,-0.9733043,-0.9725661500709863
822,-0.9733043,-0.9705222831521562
823,-0.9733043,-0.9817691101261395
824,-0.9733043,-0.9725665873400102
825,-0.9733043,-0.9772412039065038
826,-0.9733043,-0.970486647605574
827,-0.9733043,-0.9752714416063759
828,-0.9733043,-0.973875404452239
829,-0.9733043,-0.9795998219027925
830,-0.9733043,-0.9715851292572603
831,-0.9733043,-0.9764341110573607
832,-0.9733043,-0.9698767792604562
833,-0.9733043,-0.9747507078054155
834,-0.9733043,-0.9713002960021878
835,-0.9733043,-0.978448418471705
836,-0.9733043,-0.9869438731998589
837,-0.9733043,-0.963579858729032
838,-0.9733043,-0.9836431767349104
839,-0.9733043,-0.9644107286185534
840,-0.9733043,-0.9843977064887157
841,-0.9733043,-0.9696817021245081
842,-0.9733043,-0.9825798147328645
843,-0.9733043,-0.9642141925073509
844,-0.9733043,-0.9836598278618782
845,-0.9733043,-0.9617848920392134
846,-0.9733043,-0.9840768112851093
847,-0.9733043,-0.96512187755398
848,-0.9733043,-0.9676901207487106
849,-0.9733043,-0.9569810881638648
850,-0.9733043,-0.98192288775992
851,-0.9733043,-0.9634442171923001
852,-0.9733043,-0.9827649845359557
853,-0.9733043,-0.9620022774898191
854,-0.9733043,-0.9318841456997939
855,-0.9733043,-0.9640042460280261
856,-0.9733043,-0.9834839129273615
857,-0.9733043,-0.9574498566054594
858,-0.9733043,-0.983464674720939
859,-0.9733043,-0.9625575582990615
860,-0.9733043,-0.9802305794781484
861,-0.9733043,-0.963596904120898
862,-0.9733043,-0.9817468767096293
863,-0.9733043,-0.960805631275554
864,-0.9733043,-0.982073577544746
865,-0.9733043,-0.961279053052736
866,-0.9733043,-0.9816549942243753
867,-0.9733043,-0.9619626626007207
868,-0.9733043,-0.9840256657719024
869,-0.9733043,-0.9668456931113203
870,-0.9733043,-0.9839205970058533
871,-0.9733043,-0.9618944307950741
872,-0.9733043,-0.9815777536775365
873,-0.9733043,-0.9655315816760586
874,-0.9733043,-0.9831573935551501
875,-0.9733043,-0.9607787648224352
876,-0.9733043,-0.9792630444556106
877,-0.9733043,-0.9607388984967389
878,-0.9733043,-0.9841117925064108
879,-0.9733043,-0.9654824001969378
880,-0.9733043,-0.982235458630977
881,-0.9733043,-0.9620255773864248
882,-0.9733043,-0.9830094749493593
883,-0.9733043,-0.9626957148268526
884,-0.9733043,-0.9816968899979086
885,-0.9733043,-0.9702318540938435
886,-0.9733043,-0.9823746825822935
887,-0.9733043,-0.9624630130907315
888,-0.9733043,-0.983485875914266
889,-0.9733043,-0.9636946113476502
890,-0.9733043,-0.9807236512047215
891,-0.9733043,-0.9677503483855515
892,-0.9733043,-0.9855207950630014
893,-0.9733043,-0.9683838068970156
894,-0.9733043,-0.9815304027338265
895,-0.9733043,-0.9618155560988175
896,-0.9733043,-0.9772190839046075
897,-0.9733043,-0.9626745267640505
898,-0.9733043,-0.9840936194118405
899,-0.9733043,-0.9656883071541641
900,-0.9733043,-0.9828648285653014
901,-0.9733043,-0.9597778968309845
902,-0.9733043,-0.9344838431276243
903,-0.9733043,-0.9603800349522655
904,-0.9733043,-0.979644859363747
905,-0.9733043,-0.9660131613861698
906,-0.9733043,-0.9821068924660226
907,-0.9733043,-0.9620816484290277
908,-0.9733043,-0.9810035750915048
909,-0.9733043,-0.9686072261444981
910,-0.9733043,-0.9796538840968791
911,-0.9733043,-0.9655710803466153
912,-0.9733043,-0.9814121140033537
913,-0.9733043,-0.9647252991182755
914,-0.9733043,-0.9800282254078022
915,-0.9733043,-0.9625291300771438
916,-0.9733043,-0.9828184468920389
917,-0.9733043,-0.9643914074403896
918,-0.9733043,-0.981417908485964
919,-0.9733043,-0.9671639897054265
920,-0.9733043,-0.9816806239425601
921,-0.9733043,-0.9675582847374941
922,-0.9733043,-0.987056571109309
923,-0.9733043,-0.966633570739768
924,-0.9733043,-0.9864354271012619
925,-0.9733043,-0.9613414632374615
926,-0.9733043,-0.9813424114672339
927,-0.9733043,-0.9666805271497144
928,-0.9733043,-0.9853223459834266
929,-0.9733043,-0.955997040800891
930,-0.9733043,-0.9814479098347126
931,-0.9733043,-0.9608296542287696
932,-0.9733043,-0.9825204508583641
933,-0.9733043,-0.9647498969091904
934,-0.9733043,-0.9844149575615608
935,-0.9733043,-0.9625110544653939
936,-0.9733043,-0.9866575634058271
937,-0.9733043,-0.9615910703412569
938,-0.9733043,-0.9785000895644103
939,-0.9733043,-0.9643352732333512
940,-0.9733043,-0.9838245937212763
941,-0.9733043,-0.962729942684487
942,-0.9733043,-0.9878847016121066
943,-0.9733043,-0.9635481188564793
944,-0.9733043,-0.9843934048553014
945,-0.9733043,-0.9674439548288591
946,-0.9733043,-0.9795397475428891
947,-0.9733043,-0.965527683448932
948,-0.9733043,-0.982495169811398
949,-0.9733043,-0.9645654486029329
950,-0.9733043,-0.9764915767585397
951,-0.9733043,-0.9669102508961416
952,-0.9733043,-0.9854621468302861
953,-0.9733043,-0.9655452388131011
954,-0.9733043,-0.9825809248163624
955,-0.9733043,-0.960169533150272
956,-0.9733043,-0.9832908217139692
957,-0.9733043,-0.9645595024712423
958,-0.9733043,-0.9808690991059729
959,-0.9733043,-0.9673083583134024
960,-0.9733043,-0.9842939018290019
961,-0.9733043,-0.9655423601322219
962,-0.9733043,-0.985717988557572
963,-0.9733043,-0.9768122669381089
964,-0.9733043,-0.981374509778189
965,-0.9733043,-0.982624829742582
966,-0.9733043,-0.9816781592872882
967,-0.9733043,-0.9730783680854682
968,-0.9733043,-0.977697855681315
969,-0.9733043,-0.9757319605675029
970,-0.9733043,-0.9953693938994466
971,-0.9733043,-0.9819364574949795
972,-0.9733043,-0.9803975477097352
973,-0.9733043,-0.9765832966108032
974,-0.9733043,-0.9777193638195574
975,-0.9733043,-0.9811172494087671
976,-0.9733043,-0.9774098869283763
977,-0.9733043,-0.9764605047323407
978,-0.9733043,-0.9776593891568532
979,-0.9733043,-0.9829652121737095
980,-0.9733043,-0.9775125740470737
981,-0.9733043,-0.9761612482165609
982,-0.9733043,-0.9763354179691394
983,-0.9733043,-0.9808475815527834
984,-0.9733043,-0.9819830968673777
985,-0.9733043,-0.9718388436028529
986,-0.9733043,-0.974623754914388
987,-0.9733043,-0.9816337365569064
988,-0.9733043,-0.9781240642255042
989,-0.9733043,-0.9730686164550293
990,-0.9733043,-0.979310928985489
991,-0.9733043,-0.9746057452389034
992,-0.9733043,-0.9782449705096312
993,-0.9733043,-0.9741655190623566
994,-0.9733043,-0.9800151952875706
995,-0.9733043,-0.9748048372639815
996,-0.9733043,-0.9899009943597813
997,-0.9733043,-0.9791852225988014
998,-0.9733043,-0.9247723899683592
999,-0.9733043,-0.979356124791617
1000,-0.9733043,-0.9786077540217353
1001,-0.9733043,-0.9767360292165354
1002,-0.9733043,-0.9733693313067425
1003,-0.9733043,-0.9736854186611541
1004,-0.9733043,-0.9829281664314159
1005,-0.9733043,-0.9788911639636936
1006,-0.9733043,-0.9766651265029421
1007,-0.9733043,-0.9783957383265862
1008,-0.9733043,-0.9940577328319327
1009,-0.9733043,-0.972306711853087
1010,-0.9733043,-0.9835251096125295
1011,-0.9733043,-0.9737060167721401
1012,-0.9733043,-0.9814027730334979
1013,-0.9733043,-0.9775895180578107
1014,-0.9733043,-0.9779325159509709
1015,-0.9733043,-0.9768970057781323
1016,-0.9733043,-0.9811337565558692
1017,-0.9733043,-0.9798944400726866
1018,-0.9733043,-0.9759663348895347
1019,-0.9733043,-0.9759195693151779
1020,-0.9733043,-0.9810974854416774
1021,-0.9733043,-0.9765534155606108
1022,-0.9733043,-0.990282303614868
1023,-0.9733043,-0.9760813069001499
1024,-0.9733043,-0.9804240623976359
1025,-0.9733043,-0.9793406513643422
1026,-0.9733043,-0.9825511926281866
1027,-0.9733043,-0.973188290083018
1028,-0.9733043,-0.9829737013761234
1029,-0.9733043,-0.9777932226850263
1030,-0.9733043,-0.981220364520347
1031,-0.9733043,-0.977903229006224
1032,-0.9733043,-0.8486125194197082
1033,-0.9733043,-0.9779402171747162
1034,-0.9733043,-0.9890539374643887
1035,-0.9733043,-0.9761674173035719
1036,-0.9733043,-0.979945117697422
1037,-0.9733043,-0.9774907495502133
1038,-0.9733043,-0.9800624999966295
1039,-0.9733043,-0.9806364055702907
1040,-0.9733043,-0.9802969110122239
1041,-0.9733043,-0.9784291230887525
1042,-0.9733043,-0.9824497620764533
1043,-0.9733043,-0.9790083823237561
1044,-0.9733043,-0.9795916631275963
1045,-0.9733043,-0.9775797848669819
1046,-0.9733043,-0.9284361805293132
1047,-0.9733043,-0.9780738655373674
1048,-0.9733043,-0.9857215493698481
1049,-0.9733043,-0.9771045660599568
1050,-0.9733043,-0.9816316029789705
1051,-0.9733043,-0.977581513727787
1052,-0.9733043,-0.9782430103192552
1053,-0.9733043,-0.9762359474064124
1054,-0.9733043,-0.9833907355575531
1055,-0.9733043,-0.9789264951940688
1056,-0.9733043,-0.980559005899583
1057,-0.9733043,-0.9822194437604965
1058,-0.9733043,-0.9760655337283589
1059,-0.9733043,-0.9781127601054619
1060,-0.9733043,-0.9854251268881297
1061,-0.9733043,-0.9776317363109441
1062,-0.9733043,-0.9952292178484055
1063,-0.9733043,-0.976736583679525
1064,-0.9733043,-0.9818730368675275
1065,-0.9733043,-0.9781798230392886
1066,-0.9733043,-0.9810266208514669
1067,-0.9733043,-0.9781103442353094
1068,-0.9733043,-0.9845839991770272
1069,-0.9733043,-0.9788420062452949
1070,-0.9733043,-0.9822415645500032
1071,-0.9733043,-0.9816040450080719
1072,-0.9733043,-0.978925862208845
1073,-0.9733043,-0.9789917431223621
1074,-0.9733043,-0.9794543899489117
1075,-0.9733043,-0.9814027828441447
1076,-0.9733043,-0.9803989708865802
1077,-0.9733043,-0.9770388828596083
1078,-0.9733043,-0.9808846202098741
1079,-0.9733043,-0.9770825250804717
1080,-0.9733043,-0.980560015609232
1081,-0.9733043,-0.9799329833508964
1082,-0.9733043,-0.9796064834592454
1083,-0.9733043,-0.9828460316261145
1084,-0.9733043,-0.9777920844719514
1085,-0.9733043,-0.9770051524771802
1086,-0.9733043,-0.9825340081600372
1087,-0.9733043,-0.9742920149758132
1088,-0.9733043,-0.9792652084666336
1089,-0.9733043,-0.9788902353194091
1090,-0.9733043,-0.9851602481581014
1091,-0.9733043,-0.9751308083189061
1092,-0.9733043,-0.9817518517475676
1093,-0.9733043,-0.979188631004676
1094,-0.9733043,-0.932718992539088
1095,-0.9733043,-0.9774647255405401
1096,-0.9733043,-0.983555680101383
1097,-0.9733043,-0.9790038963319746
1098,-0.9733043,-0.9855402207774916
1099,-0.9733043,-0.9839127173908313
1100,-0.9733043,-0.9772881325725298
1101,-0.9733043,-0.9791968459135709
1102,-0.9733043,-0.9816153825277592
1103,-0.9733043,-0.9742367572259124
1104,-0.9733043,-0.981342888690679
1105,-0.9733043,-0.9782732699199437
1106,-0.9733043,-0.9794433764292345
1107,-0.9733043,-0.9788745491148697
1108,-0.9733043,-0.9841537761207421
1109,-0.9733043,-0.9760043024096032
1110,-0.9733043,-0.9797385218880272
1111,-0.9733043,-0.9759220415154556
1112,-0.9733043,-0.979378867739997
1113,-0.9733043,-0.9744264045611652
1114,-0.9733043,-0.980035826014175
1115,-0.9733043,-0.9787684499997041
1116,-0.9733043,-0.9762812293770273
1117,-0.9733043,-0.9769265495188458
1118,-0.9733043,-0.9765573422344371
1119,-0.9733043,-0.9746672540907411
1120,-0.9733043,-0.9783642915962355
1121,-0.9733043,-0.9739970171224279
1122,-0.9733043,-0.9788990458137495
1123,-0.9733043,-0.9735741958485882
1124,-0.9733043,-0.9799196773002881
1125,-0.9733043,-0.973204539477578
1126,-0.9733043,-0.9831110590376084
1127,-0.9733043,-0.967660011073938
1128,-0.9733043,-0.9839075764402055
1129,-0.9733043,-0.9722258973094494
1130,-0.9733043,-0.9817366896082025
1131,-0.9733043,-0.9753112619168924
1132,-0.9733043,-0.9840235817650169
1133,-0.9733043,-0.9720255537617232
1134,-0.9733043,-0.986529360050697
1135,-0.9733043,-0.9731526107801833
1136,-0.9733043,-0.9664068754062298
1137,-0.9733043,-0.9692004091582381
1138,-0.9733043,-0.9820148311352963
1139,-0.9733043,-0.9762728680250202
1140,-0.9733043,-0.9781460678382572
1141,-0.9733043,-0.9741854901459717
1142,-0.9733043,-0.974861255463083
1143,-0.9733043,-0.9686683993102164
1144,-0.9733043,-0.9858496269715129
1145,-0.9733043,-0.9665827994473664
1146,-0.9733043,-0.9828642450256415
1147,-0.9733043,-0.9749346817546181
1148,-0.9733043,-0.9846094072473872
1149,-0.9733043,-0.9701033970650732
1150,-0.9733043,-0.9859849195069373
1151,-0.9733043,-0.9719354038308463
1152,-0.9733043,-0.980242853294477
1153,-0.9733043,-0.976792304876239
1154,-0.9733043,-0.9731663302055558
1155,-0.9733043,-0.9711832976401898
1156,-0.9733043,-0.9824488451783574
1157,-0.9733043,-0.9684797584418287
1158,-0.9733043,-0.9831650790480739
1159,-0.9733043,-0.9688666885293098
1160,-0.9733043,-0.982185600135421
1161,-0.9733043,-0.9724717568351937
1162,-0.9733043,-0.9771738454896262
1163,-0.9733043,-0.9698109829160051
1164,-0.9733043,-0.9798116353406596
1165,-0.9733043,-0.9744445226560746
1166,-0.9733043,-0.9755514324267327
1167,-0.9733043,-0.9740114949020515
1168,-0.9733043,-0.9784794369431689
1169,-0.9733043,-0.9726386676602744
1170,-0.9733043,-0.9784485684440662
1171,-0.9733043,-0.9629134453085055
1172,-0.9733043,-0.9767321166598117
1173,-0.9733043,-0.9685780460649756
1174,-0.9733043,-0.9926055737281214
1175,-0.9733043,-0.956226045178544
1176,-0.9733043,-0.9799667574474081
1177,-0.9733043,-0.964103772415515
1178,-0.9733043,-0.9801950109571438
1179,-0.9733043,-0.9647275938536513
1180,-0.9733043,-0.9812115771014003
1181,-0.9733043,-0.9608261764037734
1182,-0.9733043,-0.9734126458224617
1183,-0.9733043,-0.9661906789059485
1184,-0.9733043,-0.978339545708675
1185,-0.9733043,-0.9677449359143994
1186,-0.9733043,-0.9799508076269496
1187,-0.9733043,-0.9614253915498948
1188,-0.9733043,-0.981578841902363
1189,-0.9733043,-0.9627798852304963
1190,-0.9733043,-0.9305066169001145
1191,-0.9733043,-0.9707265646501597
1192,-0.9733043,-0.9817693885777528
1193,-0.9733043,-0.9633169216611615
1194,-0.9733043,-0.9839931141631648
1195,-0.9733043,-0.9630431043723157
1196,-0.9733043,-0.9822036555167928
1197,-0.9733043,-0.9630622101037123
1198,-0.9733043,-0.9824026815650566
1199,-0.9733043,-0.9634850871751488
1200,-0.9733043,-0.9814905146826046
1201,-0.9733043,-0.9634507547583252
1202,-0.9733043,-0.9793938225050762
1203,-0.9733043,-0.9608911448246009
1204,-0.9733043,-0.9790297385863305
1205,-0.9733043,-0.9632508467778117
1206,-0.9733043,-0.9803994883115474
1207,-0.9733043,-0.9582839396009162
1208,-0.9733043,-0.9816041781340162
1209,-0.9733043,-0.9649577342934327
1210,-0.9733043,-0.9814243650344475
1211,-0.9733043,-0.9629203703759742
1212,-0.9733043,-0.9795176059891922
1213,-0.9733043,-0.9614260651534458
1214,-0.9733043,-0.9726544362442952
1215,-0.9733043,-0.9595994727919196
1216,-0.9733043,-0.9807092945370698
1217,-0.9733043,-0.9634663299333618
1218,-0.9733043,-0.9804767098726579
1219,-0.9733043,-0.961586272441429
1220,-0.9733043,-0.9823807398857284
1221,-0.9733043,-0.9559895506959382
1222,-0.9733043,-0.9811145484554346
1223,-0.9733043,-0.9678288686619918
1224,-0.9733043,-0.9798551470752036
1225,-0.9733043,-0.9654176044492702
1226,-0.9733043,-0.9800669932798332
1227,-0.9733043,-0.9617529083521614
1228,-0.9733043,-0.982684203286775
1229,-0.9733043,-0.962546614823135
1230,-0.9733043,-0.9825352173211354
1231,-0.9733043,-0.9667136857802243
1232,-0.9733043,-0.9823202972179784
1233,-0.9733043,-0.9631684362874692
1234,-0.9733043,-0.985523496717082
1235,-0.9733043,-0.9574007257290225
1236,-0.9733043,-0.9826288662426068
1237,-0.9733043,-0.9671756010855103
1238,-0.9733043,-0.9734945567787096
1239,-0.9733043,-0.9715224259191892
1240,-0.9733043,-0.9894015512129595
1241,-0.9733043,-0.9623657287437906
1242,-0.9733043,-0.9869058656962331
1243,-0.9733043,-0.9598497557252419
1244,-0.9733043,-0.9761187963654797
1245,-0.9733043,-0.9626295561895792
1246,-0.9733043,-0.9758308038811988
1247,-0.9733043,-0.9603070855151286
1248,-0.9733043,-0.9794183680251161
1249,-0.9733043,-0.9642367180166578
1250,-0.9733043,-0.9750037501000518
1251,-0.9733043,-0.9705978479078105
1252,-0.9733043,-0.9695926986260405
1253,-0.9733043,-0.9700884020547094
1254,-0.9733043,-0.9671291998589377
1255,-0.9733043,-0.9736288831941717
1256,-0.9733043,-0.9627996223765123
1257,-0.9733043,-0.9741448617210873
1258,-0.9733043,-0.9674183880977429
1259,-0.9733043,-0.9728350221932545
1260,-0.9733043,-0.9684237803838309
1261,-0.9733043,-0.9731717609856222
1262,-0.9733043,-0.9618390135510771
1263,-0.9733043,-0.9740556676105232
1264,-0.9733043,-0.9615030018131521
1265,-0.9733043,-0.9730037415275281
1266,-0.9733043,-0.9669405875630783
1267,-0.9733043,-0.9734112278134972
1268,-0.9733043,-0.9645186120916096
1269,-0.9733043,-0.9742933615744882
1270,-0.9733043,-0.9647549470190062
1271,-0.9733043,-0.9705741537794919
1272,-0.9733043,-0.9693515560680687
1273,-0.9733043,-0.9762909362749606
1274,-0.9733043,-0.9601594887097799
1275,-0.9733043,-0.98146743695949
1276,-0.9733043,-0.9680228285537398
1277,-0.9733043,-0.9747956481891005
1278,-0.9733043,-0.9643490700093248
1279,-0.9733043,-0.9733150070841687
1280,-0.9733043,-0.9561536092243299
1281,-0.9733043,-0.9773795909132504
1282,-0.9733043,-0.9637408701284553
1283,-0.9733043,-0.9738089360792072
1284,-0.9733043,-0.9659419321127262
1285,-0.9733043,-0.9749851262741862
1286,-0.9733043,-0.9134428826359007
1287,-0.9733043,-0.9653547799483855
1288,-0.9733043,-0.9665988428505345
1289,-0.9733043,-0.9730294222235969
1290,-0.9733043,-0.9675259619136373
1291,-0.9733043,-0.9744076630402935
1292,-0.9733043,-0.9644693035435213
1293,-0.9733043,-0.9759205623336266
1294,-0.9733043,-0.9688887203227496
1295,-0.9733043,-0.9726162570286572
1296,-0.9733043,-0.9635430154756442
1297,-0.9733043,-0.9748369897539735
1298,-0.9733043,-0.9611136343773528
1299,-0.9733043,-0.9727368456192246
1300,-0.9733043,-0.9683020475585244
1301,-0.9733043,-0.963847058900221
1302,-0.9733043,-0.9673662147640314
1303,-0.9733043,-0.9762710668264234
1304,-0.9733043,-0.9685335364418707
1305,-0.9733043,-0.9785706345132957
1306,-0.9733043,-0.959354748834763
1307,-0.9733043,-0.9772716552229704
1308,-0.9733043,-0.9700976328723978
1309,-0.9733043,-0.977146588310136
1310,-0.9733043,-0.9733002650850027
1311,-0.9733043,-0.9748159656891588
1312,-0.9733043,-0.9676905581900694
1313,-0.9733043,-0.9779066253819141
1314,-0.9733043,-0.9725968697685994
1315,-0.9733043,-0.9767643490244318
1316,-0.9733043,-0.9685721564339073
1317,-0.9733043,-0.9792628249087212
1318,-0.9733043,-0.9667911169686227
1319,-0.9733043,-0.9753147197169285
1320,-0.9733043,-0.9752926358263834
1321,-0.9733043,-0.9303822084970704
1322,-0.9733043,-0.9732853911121521
1323,-0.9733043,-0.9770093709961295
1324,-0.9733043,-0.9760833402038049
1325,-0.9733043,-0.9749014086584002
1326,-0.9733043,-0.9738252982855667
1327,-0.9733043,-0.9801456296704197
1328,-0.9733043,-0.9736818739060986
1329,-0.9733043,-0.9803498049934192
1330,-0.9733043,-0.9713442171271569
1331,-0.9733043,-0.9714113845052904
1332,-0.9733043,-0.975030307595736
1333,-0.9733043,-0.9796331329595055
1334,-0.9733043,-0.957175638673047
1335,-0.9733043,-0.9719081245109136
1336,-0.9733043,-0.9764904133323986
1337,-0.9733043,-0.9771952669273265
1338,-0.9733043,-0.9691683299413034
1339,-0.9733043,-0.9732457347523406
1340,-0.9733043,-0.9718247758228322
1341,-0.9733043,-0.9762862410932556
1342,-0.9733043,-0.9737827509516817
1343,-0.9733043,-0.9737282003852012
1344,-0.9733043,-0.9694236796280953
1345,-0.9733043,-0.9770535701023205
1346,-0.9733043,-0.9765499407633373
1347,-0.9733043,-0.9721791534226911
1348,-0.9733043,-0.9709331192491134
1349,-0.9733043,-0.9738832761939672
1350,-0.9733043,-0.9715455873474368
1351,-0.9733043,-0.9785082630754203
1352,-0.9733043,-0.9705223109190497
1353,-0.9733043,-0.9753093876236131
1354,-0.9733043,-0.970566589077349
1355,-0.9733043,-0.9778467558317328
1356,-0.9733043,-0.9723386060168645
1357,-0.9733043,-0.978926749338238
1358,-0.9733043,-0.9761099358733356
1359,-0.9733043,-0.9775345164859264
1360,-0.9733043,-0.9709767099859932
1361,-0.9733043,-0.9778033999317577
1362,-0.9733043,-0.9656791852265703
1363,-0.9733043,-0.9755227737965989
1364,-0.9733043,-0.9705318091507183
1365,-0.9733043,-0.9795746099721083
1366,-0.9733043,-0.9761753046346481
1367,-0.9733043,-0.9763491184192413
1368,-0.9733043,-0.9739433580135066
1369,-0.9733043,-0.9802079148509344
1370,-0.9733043,-0.970227820468176
1371,-0.9733043,-0.975926634192585
1372,-0.9733043,-0.9713691952972666
1373,-0.9733043,-0.9827028989501678
1374,-0.9733043,-0.9746171665392604
1375,-0.9733043,-0.9755132135297024
1376,-0.9733043,-0.9701028930399593
1377,-0.9733043,-0.9750372005168765
1378,-0.9733043,-0.9702508049454068
1379,-0.9733043,-0.978756076453402
1380,-0.9733043,-0.9849174425276415
1381,-0.9733043,-0.9640804905045888
1382,-0.9733043,-0.9301061136664582
1383,-0.9733043,-0.9635641512154041
1384,-0.9733043,-0.9829678506460389
1385,-0.9733043,-0.9627334478849113
1386,-0.9733043,-0.9875040383219218
1387,-0.9733043,-0.9671291145043664
1388,-0.9733043,-0.9848903073214471
1389,-0.9733043,-0.9625660381089371
1390,-0.9733043,-0.9830269740458648
1391,-0.9733043,-0.9636140895783034
1392,-0.9733043,-0.9878947145651863
1393,-0.9733043,-0.9685467132534555
1394,-0.9733043,-0.978267598126973
1395,-0.9733043,-0.9654185512975068
1396,-0.9733043,-0.9878802012511309
1397,-0.9733043,-0.9681407979396006
1398,-0.9733043,-0.9821205280395323
1399,-0.9733043,-0.9737523681834526
1400,-0.9733043,-0.9785870534724327
1401,-0.9733043,-0.9713846631970432
1402,-0.9733043,-0.9790288391683375
1403,-0.9733043,-0.9725607946234429
1404,-0.9733043,-0.9746164822742547
1405,-0.9733043,-0.973433126596615
1406,-0.9733043,-0.9766308580023887
1407,-0.9733043,-0.9694594443744264
1408,-0.9733043,-0.9778964524848743
1409,-0.9733043,-0.9724947150244112
1410,-0.9733043,-0.9744327847188753
1411,-0.9733043,-0.969260534321234
1412,-0.9733043,-0.9815751617783629
1413,-0.9733043,-0.9700352761614968
1414,-0.9733043,-0.9736420687731278
1415,-0.9733043,-0.9661394709679043
1416,-0.9733043,-0.9789170353728449
1417,-0.9733043,-0.9726640604429546
1418,-0.9733043,-0.9743255361248333
1419,-0.9733043,-0.9781227580421111
1420,-0.9733043,-0.9842997411504376
1421,-0.9733043,-0.968806499990372
1422,-0.9733043,-0.9790657738129882
1423,-0.9733043,-0.9869805142338368
1424,-0.9733043,-0.9572943295495429
1425,-0.9733043,-0.9662749220830826
1426,-0.9733043,-0.9755249024649577
1427,-0.9733043,-0.9748549979294904
1428,-0.9733043,-0.9772301024273841
1429,-0.9733043,-0.9725702439258077
1430,-0.9733043,-0.9672105235435433
1431,-0.9733043,-0.9779304208883145
1432,-0.9733043,-0.9778946140868418
1433,-0.9733043,-0.9792789715030141
1434,-0.9733043,-0.9747646788665605
1435,-0.9733043,-0.9774546044752018
1436,-0.9733043,-0.9769370112300136
1437,-0.9733043,-0.9770283827148273
1438,-0.9733043,-0.976602904345809
1439,-0.9733043,-0.9767649318547861
1440,-0.9733043,-0.9774854152353575
1441,-0.9733043,-0.9761391675485939
1442,-0.9733043,-0.971278025332539
1443,-0.9733043,-0.9732254909615776
1444,-0.9733043,-0.9776216844066935
1445,-0.9733043,-0.9740729768780813
1446,-0.9733043,-0.9757415475231916
1447,-0.9733043,-0.9767326552284594
1448,-0.9733043,-0.9704701844310129
1449,-0.9733043,-0.977755327150965
1450,-0.9733043,-0.9744818385836144
1451,-0.9733043,-0.9765710828833816
1452,-0.9733043,-0.9770639928298938
1453,-0.9733043,-0.9806731836792234
1454,-0.9733043,-0.9722923114181781
1455,-0.9733043,-0.9785998877296112
1456,-0.9733043,-0.9779397144073136
1457,-0.9733043,-0.9814378428664094
1458,-0.9733043,-0.9793745010116266
1459,-0.9733043,-0.9774475554129385
1460,-0.9733043,-0.9790335940301607
1461,-0.9733043,-0.9828845247088165
1462,-0.9733043,-0.9802278575684659
1463,-0.9733043,-0.9852460460225178
1464,-0.9733043,-0.9857885051892911
1465,-0.9733043,-0.9872649931580707
1466,-0.9733043,-0.9758455985565389
1467,-0.9733043,-0.9799704523534506
1468,-0.9733043,-0.9790779665490889
1469,-0.9733043,-0.983504185455744
1470,-0.9733043,-0.9798688413841092
1471,-0.9733043,-0.9822886167725413
1472,-0.9733043,-0.9798457330800622
1473,-0.9733043,-0.9841673183158237
1474,-0.9733043,-0.9802244679377343
1475,-0.9733043,-0.9785887892344958
1476,-0.9733043,-0.980705286652647
1477,-0.9733043,-0.9825613946206155
1478,-0.9733043,-0.975589670865823
1479,-0.9733043,-0.9800746352565736
1480,-0.9733043,-0.9799747416600941
1481,-0.9733043,-0.9858184199328176
1482,-0.9733043,-0.9822827571540493
1483,-0.9733043,-0.9821373958571349
1484,-0.9733043,-0.9810927535685591
1485,-0.9733043,-0.9860873347365562
1486,-0.9733043,-0.9795002591369804
1487,-0.9733043,-0.9795285862467346
1488,-0.9733043,-0.9828686704188296
1489,-0.9733043,-0.984124718864034
1490,-0.9733043,-0.9771254636242855
1491,-0.9733043,-0.9794756169183114
1492,-0.9733043,-0.9775116903509534
1493,-0.9733043,-0.9832525123558036
1494,-0.9733043,-0.9773769923238207
1495,-0.9733043,-0.9834552845101396
1496,-0.9733043,-0.9791218133692545
1497,-0.9733043,-0.9821255115708545
1498,-0.9733043,-0.9757786104536987
1499,-0.9733043,-0.9851774276723791
1500,-0.9733043,-0.9824992774741516
1501,-0.9733043,-0.9845116858844785
1502,-0.9733043,-0.9790013831564733
1503,-0.9733043,-0.9812173198353387
1504,-0.9733043,-0.9781222866864695
1505,-0.9733043,-0.9771625129830885
1506,-0.9733043,-0.984039316418659
1507,-0.9733043,-0.9813859118422323
1508,-0.9733043,-0.9779590533459154
1509,-0.9733043,-0.9854366824276137
1510,-0.9733043,-0.9811611760519874
1511,-0.9733043,-0.979716857456382
1512,-0.9733043,-0.9794592180536748
1513,-0.9733043,-0.9854633323600405
1514,-0.9733043,-0.9763607234615116
1515,-0.9733043,-0.9832654536132835
1516,-0.9733043,-0.9778919664200698
1517,-0.9733043,-0.9816287858860426
1518,-0.9733043,-0.9753768936180733
1519,-0.9733043,-0.9847448547917999
1520,-0.9733043,-0.9779264512675073
1521,-0.9733043,-0.9854572703980661
1522,-0.9733043,-0.9821023971298712
1523,-0.9733043,-0.983393187897157
1524,-0.9733043,-0.9782482926449481
1525,-0.9733043,-0.986029553492267
1526,-0.9733043,-0.9163550771842957
1527,-0.9733043,-0.9833350623785739
1528,-0.9733043,-0.9775619094085582
1529,-0.9733043,-0.9812306460160314
1530,-0.9733043,-0.9813664310263387
1531,-0.9733043,-0.9856731064351353
1532,-0.9733043,-0.9730550774435629
1533,-0.9733043,-0.9898540115144974
1534,-0.9733043,-0.9727796719204316
1535,-0.9733043,-0.9842038890962127
1536,-0.9733043,-0.9744285629879847
1537,-0.9733043,-0.9844059415734523
1538,-0.9733043,-0.9741177970975916
1539,-0.9733043,-0.9845920155552399
1540,-0.9733043,-0.9780794483129259
1541,-0.9733043,-0.9884185353147203
1542,-0.9733043,-0.9712500112519068
1543,-0.9733043,-0.9853251184201133
1544,-0.9733043,-0.9737565405710698
1545,-0.9733043,-0.9850867785276058
1546,-0.9733043,-0.9738877140056346
1547,-0.9733043,-0.9875108177030345
1548,-0.9733043,-0.980526710612029
1549,-0.9733043,-0.988350009256431
1550,-0.9733043,-0.9678604417957699
1551,-0.9733043,-0.9855625458767482
1552,-0.9733043,-0.976859912593472
1553,-0.9733043,-0.9840770533040359
1554,-0.9733043,-0.9718276255472689
1555,-0.9733043,-0.9925097951731744
1556,-0.9733043,-0.9702471287242234
1557,-0.9733043,-0.986221616347497
1558,-0.9733043,-0.9753921809356059
1559,-0.9733043,-0.9875031205532345
1560,-0.9733043,-0.9711336764611888
1561,-0.9733043,-0.9887011643188218
1562,-0.9733043,-0.9711235471902373
1563,-0.9733043,-0.9859674108175024
1564,-0.9733043,-0.9738733371830256
1565,-0.9733043,-0.988056484256197
1566,-0.9733043,-0.9787152576736053
1567,-0.9733043,-0.9935103853103908
1568,-0.9733043,-0.9667857241085873
1569,-0.9733043,-0.9892654141334336
1570,-0.9733043,-0.9716090331057899
1571,-0.9733043,-0.9876733351457319
1572,-0.9733043,-0.9761372243425598
1573,-0.9733043,-0.9850410933946707
1574,-0.9733043,-0.9246451721706814
1575,-0.9733043,-0.985891594996448
1576,-0.9733043,-0.9725998537573299
1577,-0.9733043,-0.9929369664227677
1578,-0.9733043,-0.979699877981972
1579,-0.9733043,-0.9889500050814577
1580,-0.9733043,-0.9751093370758819
1581,-0.9733043,-0.9828717587338673
1582,-0.9733043,-0.9788901600822477
1583,-0.9733043,-0.9871916325371098
1584,-0.9733043,-0.9762305470363831
1585,-0.9733043,-0.9917766509811617
1586,-0.9733043,-0.9741158561833791
1587,-0.9733043,-0.9856331350871624
1588,-0.9733043,-0.973382569656201
1589,-0.9733043,-0.9861943243149807
1590,-0.9733043,-0.9778186319220362
1591,-0.9733043,-0.9864924825572844
1592,-0.9733043,-0.9781341351433711
1593,-0.9733043,-0.9845140516600688
1594,-0.9733043,-0.9705480218159445
1595,-0.9733043,-0.9863981079589133
1596,-0.9733043,-0.9790400642922978
1597,-0.9733043,-0.9907715443596761
1598,-0.9733043,-0.970002426394432
1599,-0.9733043,-0.9890049749955203
1600,-0.9733157,-0.9744798699095021
1601,-0.9733157,-0.9887819363080806
