,avgcpu,labels
0,-0.78623974,-0.812021878656997
1,-0.7999774,-0.8025461838605057
2,-0.7752423,-0.8146020814692791
3,-0.8048732,-0.803149497498173
4,-0.7913203,-0.806113740790295
5,-0.80237603,-0.8128649772960042
6,-0.7879951,-0.7991500832806755
7,-0.79446805,-0.8062708017068281
8,-0.80001485,-0.8072962764875637
9,-0.7858163,-0.804040386936826
10,-0.7938825,-0.7994851491595427
11,-0.79660213,-0.8176273668163851
12,-0.7931148,-0.8079908620028298
13,-0.78806496,-0.8079620229763993
14,-0.8069072,-0.815005199365733
15,-0.79458153,-0.803482058805048
16,-0.7941427,-0.8080051775259196
17,-0.800959,-0.8020925205126352
18,-0.7908095,-0.8153092157614144
19,-0.7959883,-0.7964019265889131
20,-0.7901752,-0.8127255036123162
21,-0.80537975,-0.8012145747678954
22,-0.7843952,-0.8028570038744824
23,-0.8026725,-0.8120490824076738
24,-0.7895682,-0.7660334686346018
25,-0.79308844,-0.8227060224709501
26,-0.8002237,-0.8110535532950129
27,-0.7555957,-0.8102695605343069
28,-0.81855416,-0.8022193860263236
29,-0.7989681,-0.8058506237548309
30,-0.7953514,-0.800863885927795
31,-0.7850305,-0.8101684335225572
32,-0.7952496,-0.8019695612543867
33,-0.789855,-0.8042236722947278
34,-0.79753125,-0.8058536183540421
35,-0.78764343,-0.8077109833763889
36,-0.79491496,-0.8108598648702035
37,-0.79504883,-0.7759125027862976
38,-0.7964144,-0.8147190887978872
39,-0.79760826,-0.8054656693399653
40,-0.7634915,-0.798604003845687
41,-0.8087529,-0.8073771431294892
42,-0.79498386,-0.8023173183129255
43,-0.7860923,-0.8028526559878963
44,-0.79389215,-0.7966124443503264
45,-0.79181075,-0.8078053459593753
46,-0.79168713,-0.7949890120428811
47,-0.78347147,-0.808923951554624
48,-0.796517,-0.7948070700418666
49,-0.78426266,-0.8054606485034117
50,-0.7981132,-0.8068987130773435
51,-0.7822033,-0.7796048188942262
52,-0.7955353,-0.8081251359882056
53,-0.7942101,-0.8041158015837904
54,-0.767756,-0.8198034998628472
55,-0.7999991,-0.7947300164509681
56,-0.7935542,-0.8100166481199258
57,-0.8063588,-0.8019766129903059
58,-0.77680075,-0.8028250317173584
59,-0.7979027,-0.8084009348900116
60,-0.78987575,-0.8099483366190519
61,-0.7909249,-0.808230578548802
62,-0.7944647,-0.8035184636846278
63,-0.7983419,-0.8123622504363517
64,-0.7954931,-0.7944919709947333
65,-0.7908149,-0.8475758614772657
66,-0.80016375,-0.8079300584457745
67,-0.78236675,-0.8009342570339075
68,-0.83592606,-0.8050876928426287
69,-0.7874725,-0.8033718515441837
70,-0.7858051,-0.7995208072399271
71,-0.7941021,-0.7974769689326029
72,-0.79735994,-0.818445561458778
73,-0.789909,-0.7978585389600552
74,-0.78791344,-0.8030762432037755
75,-0.81124663,-0.8016588679650203
76,-0.7877425,-0.8040114430686311
77,-0.79073167,-0.8079919518086105
78,-0.789986,-0.8098032150978505
79,-0.7943064,-0.8410364632269711
80,-0.7952106,-0.7984984922480067
81,-0.7960253,-0.8134451913772018
82,-0.82637227,-0.8052067166482015
83,-0.7787008,0.11995995087846367
84,-0.79854167,0.45286540370199413
85,-0.7926874,-0.8015467311108848
86,-0.83811295,-0.8081823011875986
87,-0.8566117,-0.8149047767894715
88,-0.8549869,-0.8100908574584886
89,-0.8497231,-0.7992030648638329
90,-0.8606472,-0.812676662903528
91,-0.83008194,-0.7974423980045717
92,-0.81942284,-0.8072167507150301
93,-0.81808627,-0.8468823503880536
94,-0.83395326,-0.8046274991788995
95,-0.8141295,-0.7934954434568462
96,-0.83349633,-0.8116016179646031
97,-0.78500545,-0.8097654568943942
98,-0.7783812,-0.8037221569537001
99,-0.80311155,-0.8150360070276084
100,-0.80244863,-0.7988589437231086
101,-0.79102814,-0.7917835016245671
102,-0.80202293,-0.8082304917568672
103,-0.78955376,-0.8088304512466797
104,-0.7851286,-0.7992414860263859
105,-0.79922235,-0.7934555231517204
106,-0.7982483,-0.8152839517430954
107,-0.7868061,-0.8010455768528626
108,-0.782032,-0.818473188843085
109,-0.80711365,-0.8058598891606541
110,-0.7886288,-0.8103297317196143
111,-0.80364656,-0.8092003013414677
112,-0.7893032,-0.815255133525699
113,-0.7981342,-0.8021885905429231
114,-0.7953123,-0.8165988812738461
115,-0.80177546,-0.8087415521958019
116,-0.78784966,-0.8073421219705095
117,-0.8055358,-0.8154670958490964
118,-0.79595625,-0.8097058096310699
119,-0.79609144,-0.7808427925247401
120,-0.80298686,-0.8013585394627338
121,-0.7975267,-0.8104827550146894
122,-0.7698549,-0.7943347479605785
123,-0.7963648,-0.8154992701715333
124,-0.80418503,-0.8047643909619491
125,-0.78412306,-0.8069169551281252
126,-0.8031292,-0.8128516636730265
127,-0.7920197,-0.8064244819606585
128,-0.79517424,-0.8079306572391822
129,-0.79759383,-0.801280719518084
130,-0.7913741,-0.8199785830919015
131,-0.794965,-0.8123919219969407
132,-0.78897476,-0.807748872052577
133,-0.80906975,-0.8053927736976358
134,-0.798478,-0.8104644529476641
135,-0.79328954,-0.8065534988400664
136,-0.7928362,-0.8108261054043673
137,-0.8007573,-0.8118196483243894
138,-0.7948755,-0.7970609470635117
139,-0.79871,-0.812565025014935
140,-0.79960287,-0.8014181677803216
141,-0.7860875,-0.8154861428932167
142,-0.802847,-0.8085102653880474
143,-0.7900015,-0.8077470712946841
144,-0.8046918,-0.8131035499507875
145,-0.7945303,-0.8322911935651285
146,-0.7954625,-0.8112748506112701
147,-0.8007014,-0.8037531541160314
148,-0.8185924,-0.8226030215352862
149,-0.792663,-0.8068845611577442
150,-0.78880525,-0.803404505440448
151,-0.8117156,-0.8148381682870689
152,-0.79572475,-0.8108006937082746
153,-0.7915044,-0.8095156462822215
154,-0.8046887,-0.8141767243210751
155,-0.8020232,-0.8179474569325593
156,-0.79877365,-0.8023848896179429
157,-0.80124176,-0.8243693092198108
158,-0.8057432,-0.5663205339060962
159,-0.78933084,-0.46280950117278596
160,-0.81211543,-0.4748752400377141
161,-0.57427746,-0.48057872810900903
162,-0.55427265,-0.46695028272057915
163,-0.60193133,-0.4906504957789388
164,-0.61920345,-0.4739791974386556
165,-0.565035,-0.46519157773120545
166,-0.54626226,-0.48144377213405054
167,-0.5277363,-0.47010501792676695
168,-0.5101054,-0.46646733103252025
169,-0.49785364,-0.4793953199172649
170,-0.49112073,-0.4674888408108986
171,-0.48867404,-0.47352958940176704
172,-0.49441606,-0.4928488661363075
173,-0.48898506,-0.4906907107651901
174,-0.49164924,-0.48940930736987287
175,-0.5012362,-0.5095596760740628
176,-0.5017765,-0.4978600226830996
177,-0.50171936,-0.49874154566689066
178,-0.51348335,-0.5074000918287132
179,-0.50950706,-0.5014835479385518
180,-0.5113379,-0.49490765677602244
181,-0.51645124,-0.4962020334807815
182,-0.5154779,-0.5049782246392178
183,-0.5123192,-0.48927310037680316
184,-0.51297,-0.49819556562056677
185,-0.51810956,-0.4892932110017858
186,-0.5096768,-0.4952177168985403
187,-0.5138012,-0.47818139516143
188,-0.50865984,-0.4840859911638482
189,-0.5121591,-0.49377404667003555
190,-0.50165105,-0.4923996857327535
191,-0.50460345,-0.5031540282347478
192,-0.50850606,-0.48631506314765494
193,-0.5079701,-0.5039627736322743
194,-0.51287234,-0.49793292492124985
195,-0.50455785,-0.48102834813379003
196,-0.5146707,-0.5074858003056057
197,-0.5113882,-0.5003645821124447
198,-0.5034983,-0.5000120856199985
199,-0.51677597,-0.4995781055915285
200,-0.51398456,-0.4959292337762875
201,-0.5143888,-0.4858538037295119
202,-0.5133584,-0.4948953407129304
203,-0.5127935,-0.5001823618635628
204,-0.507254,-0.4770122585933674
205,-0.51140916,-0.503449465178865
206,-0.51387006,-0.4888163406910371
207,-0.501853,-0.49425005177204584
208,-0.51466656,-0.49002459107125773
209,-0.5068286,-0.5017387227324952
210,-0.5103556,-0.49882131670407315
211,-0.50640047,-0.500355674848072
212,-0.5140606,-0.5083177841276547
213,-0.5121298,-0.46374014124102114
214,-0.5135822,-0.5029374084971083
215,-0.5178833,-0.5005925029175575
216,-0.49545026,-0.47741407968135574
217,-0.51537836,-0.5030980929400672
218,-0.5135106,-0.5213385410056133
219,-0.5023361,-0.7194590000681811
220,-0.51326203,-0.8228184485227503
221,-0.52590835,-0.8320562305490269
222,-0.7027942,-0.8328485691889713
223,-0.827788,-0.8237080241562835
224,-0.839308,-0.8381571734240809
225,-0.8491789,-0.8363750193441153
226,-0.8516439,-0.7936372692751494
227,-0.8590853,-0.6770111359122124
228,-0.8361496,-0.4823114395542101
229,-0.75918746,-0.4872540413808917
230,-0.6697167,-0.4835135549898162
231,-0.5413873,-0.4409104197588003
232,-0.6174667,-0.46598101669026537
233,-0.629869,-0.469455481474057
234,-0.566633,-0.4736825391940793
235,-0.54266703,-0.47892049953882543
236,-0.52376974,-0.47972937403183247
237,-0.51081896,-0.4686635738345837
238,-0.49650586,-0.38905119893149953
239,-0.4941823,-0.4528206136683197
240,-0.48875338,-0.43950992590468285
241,-0.44144854,-0.46369567234283426
242,-0.47408673,-0.4429962784142445
243,-0.46489173,-0.4484595363621655
244,-0.47730264,-0.42373590508165426
245,-0.45959675,-0.4477737239533064
246,-0.4659101,-0.45136830427380614
247,-0.44818527,-0.45098045608266446
248,-0.46063402,-0.45615862255448114
249,-0.46537948,-0.4485900772949325
250,-0.46417052,-0.46372977051232933
251,-0.46669197,-0.4280547342446068
252,-0.46439856,-0.44927723063805747
253,-0.4739352,-0.45885887750853227
254,-0.45259756,-0.4393372196477272
255,-0.46615583,-0.46125933546690145
256,-0.47076538,-0.4353643428480636
257,-0.46069688,-0.42046774460538217
258,-0.47098368,-0.4541152550248815
259,-0.4572301,-0.4716784945646033
260,-0.44739047,-0.402867145644191
261,-0.46373248,-0.3921108765783532
262,-0.47796845,-0.40910866432498194
263,-0.4354845,-0.3256249088995591
264,-0.42534256,-0.3293978230815715
265,-0.43042728,-0.35117990221116724
266,-0.39490646,-0.3363807655628688
267,-0.36436844,-0.34896014348075033
268,-0.3784128,-0.33693984424233925
269,-0.3690788,-0.20108335043491987
270,-0.3573372,-0.27518843451195574
271,-0.3481147,-0.2983459137291864
272,-0.26064086,-0.2899409474206194
273,-0.2092738,-0.2895413133916094
274,-0.2799595,-0.2952856036080975
275,-0.37919772,-0.2629185287611291
276,-0.33712548,-0.28121444636254767
277,-0.3333094,-0.2882793515469664
278,-0.30749756,-0.2618177287842558
279,-0.28859395,-0.2892595666398079
280,-0.3275009,-0.2718740405762019
281,-0.31965232,-0.35724389859637595
282,-0.30973062,-0.9081574041677687
283,-0.31744885,-1.1822038901668863
284,-0.37158924,-1.198908554094745
285,-0.8433796,-1.1995318108961448
286,-1.1438917,-1.2439169122121354
287,-1.1558255,-1.2525894673210574
288,-1.2310338,-1.056734379892059
289,-1.3203322,-1.0334016707063276
290,-1.327002,-1.0269994670174
291,-1.132062,-1.0343933433145287
292,-0.96337557,-1.0262735335755866
293,-0.849272,-1.0387272757763446
294,-0.902272,-0.919072332093184
295,-0.927089,-0.913301677629583
296,-0.980387,-0.9217895936137699
297,-0.82922316,-0.9302399761246636
298,-0.8440598,-0.9190053572232917
299,-0.88577104,-0.9295002846069418
300,-0.9474968,-0.8860605326205602
301,-0.92475104,-0.8003657582913
302,-0.93143773,-0.8670541500730775
303,-0.88511777,-0.8477811772949637
304,-0.79457843,-0.9060836296629109
305,-0.88505113,-0.9129788154135059
306,-0.8646754,-0.9109465144668425
307,-0.91614366,-0.8620803950447347
308,-0.8968582,-0.8962485991045057
309,-0.8923296,-0.901353542708552
310,-0.8370043,-0.8987035042515781
311,-0.87643015,-0.8975249731343689
312,-0.8767898,-0.8098036593538838
313,-0.8771695,-0.8026640751955234
314,-0.87372744,-0.8323721155654573
315,-0.79669213,-0.8286976943569637
316,-0.814471,-0.8302853834229846
317,-0.8539673,-0.8493801115390518
318,-0.84291816,-0.8565809875393959
319,-0.8336201,-0.7845099637197179
320,-0.84738076,-0.6977617439119497
321,-0.8502947,-0.7360283866541903
322,-0.76925445,-0.7561009663407556
323,-0.6956092,-0.746043193621408
324,-0.7674967,-0.7939588362712735
325,-0.79374206,-0.8269166803273034
326,-0.7604666,-0.7964351768706086
327,-0.79139197,-0.8402232923533466
328,-0.81805265,-0.825973196602346
329,-0.77510285,-0.8343951110553627
330,-0.8194158,-0.8320584450289121
331,-0.8031416,-0.8575265191214143
332,-0.8065623,-0.7038457714993405
333,-0.8027098,-0.8082998768819398
334,-0.83424413,-0.8041166025146276
335,-0.68597686,-0.8140632580709708
336,-0.8195673,-0.8103314734004203
337,-0.81192577,-0.8164955803015008
338,-0.8148961,-0.7130997454198487
339,-0.7913842,-0.7782674417470328
340,-0.80712414,-0.8000274646540193
341,-0.70781744,-0.8044919268972157
342,-0.7855483,-0.7992043250362415
343,-0.79836,-0.7912577917706014
344,-0.7971444,-0.8175247227772082
345,-0.7784004,-0.8232574202144136
346,-0.7783749,-0.7856377103360224
347,-0.8069334,-0.8087793038090614
348,-0.80276835,-0.8022892613922896
349,-0.7594991,-0.7967343751795921
350,-0.7950207,-0.81602802946419
351,-0.79257345,-0.8554801066337998
352,-0.78682816,-0.7998440198935732
353,-0.8027557,-0.8122865066344742
354,-0.84048986,-0.8054895954099686
355,-0.77773774,-0.7352681104149794
356,-0.79524624,-0.536951198596022
357,-0.7928816,-0.878051166477336
358,-0.7321763,-0.8243877693235508
359,-0.5682708,-0.8259832945703529
360,-0.91461885,-0.8207346033808758
361,-0.8325449,-0.7982458956105498
362,-0.80676687,-0.8070915109004109
363,-0.78689003,-0.7906537473589543
364,-0.7916317,-0.8032537436015688
365,-0.78908336,-0.8041152761162786
366,-0.7664666,-0.7892541045461374
367,-0.7905102,-0.8005468567983682
368,-0.8032243,-0.7957839354890464
369,-0.7826396,-0.5435601266072907
370,-0.7941084,-0.4737350813555805
371,-0.78741384,0.28622813839165806
372,-0.56762224,0.09305073149883336
373,-0.5704453,-0.4702909582831474
374,-0.53393495,-0.47694981529276337
375,-0.627175,-0.47354127015547576
376,-0.7452841,-0.4899824490632949
377,-0.73994994,-0.4673622695308657
378,-0.6598328,-0.4859378793986062
379,-0.61737037,-0.47052065669998333
380,-0.54404306,-0.48295983792744046
381,-0.56038785,-0.47831305694472936
382,-0.53991914,-0.4788312686827254
383,-0.527635,-0.47145417448538085
384,-0.4951316,-0.478776049766354
385,-0.49675557,-0.48456381913077395
386,-0.4920534,-0.4619445445192567
387,-0.4963195,-0.49075342864039095
388,-0.4989203,-0.46540493381589476
389,-0.4873774,-0.4704870925195914
390,-0.50178766,-0.4645819648990548
391,-0.48879603,-0.47443445690672226
392,-0.4917812,-0.47378042320103164
393,-0.48662335,-0.4701690386484372
394,-0.49294895,-0.7266005018476132
395,-0.49120867,-0.7821859497125905
396,-0.48942554,-0.7865694873347098
397,-0.696985,-0.7840630317307804
398,-0.78841925,-0.7924259697481661
399,-0.7837553,-0.7843670573474526
400,-0.7928113,-0.800784361385801
401,-0.81905675,-0.790994576617972
402,-0.79633045,-0.7757627891983274
403,-0.79737115,-0.7894352897258652
404,-0.76422024,-0.7910956238966833
405,-0.75822055,-0.7947992812905029
406,-0.7796823,-0.7833708611472638
407,-0.7816683,-0.660313415067868
408,-0.78253305,-0.45454286310849223
409,-0.7694063,-0.4747833972938049
410,-0.65973294,-0.46420867298261204
411,-0.53871775,-0.47853203373388675
412,-0.6026852,-0.4764395537939117
413,-0.6005774,-0.4619028096071003
414,-0.5696318,-0.47564488438363295
415,-0.5348052,-0.46887550388543797
416,-0.51546264,-0.4697778071167926
417,-0.51371694,-0.4659204398666623
418,-0.49253133,-0.4788064864889048
419,-0.48894146,-0.4719859159830766
420,-0.4862302,-0.46182210909098886
421,-0.49358392,-0.47426059274894117
422,-0.48998702,-0.4700175086083185
423,-0.4846299,-0.4756609223432826
424,-0.4905572,-0.4714118322666101
425,-0.48911613,-0.47325541926846837
426,-0.491844,-0.4634972414224232
427,-0.48922604,-0.4719149185070344
428,-0.49106085,-0.4851331919382731
429,-0.48574156,-0.46552260524843314
430,-0.49003842,-0.471349790979938
431,-0.4968028,-0.4747039401754547
432,-0.48727137,-0.47702573502308976
433,-0.48984742,-0.4569926999386298
434,-0.4917525,-0.47000499152889263
435,-0.49385908,-0.482387436461162
436,-0.48235005,-0.464394663884669
437,-0.48894852,-0.47447373022153805
438,-0.49555695,-0.47105448789530424
439,-0.48662192,-0.4695510277345458
440,-0.49059984,-0.461406729586717
441,-0.48944408,-0.4780643497367496
442,-0.48952743,-0.4601700522658403
443,-0.4838994,-0.4705530157562805
444,-0.49282366,-0.47901290580285893
445,-0.48360562,-0.4614367382705904
446,-0.48874992,-0.47007727675993216
447,-0.4923967,-0.47019021973540553
448,-0.48454517,-0.48168928911217934
449,-0.48791224,-0.46809406451450775
450,-0.4882096,-0.4723117082915613
451,-0.49512088,-0.47694554210570894
452,-0.48749185,-0.4650445983353668
453,-0.49021828,-0.47857079198977726
454,-0.4928503,-0.4703060247736839
455,-0.4873417,-0.47469450762342635
456,-0.49354577,-0.4416685250466772
457,-0.48958406,-0.4717019187146976
458,-0.4924587,-0.47631496128618434
459,-0.47418648,-0.4636039188965282
460,-0.48930338,-0.4796164063170161
461,-0.49092662,-0.4742249784961028
462,-0.4849872,-0.47120763971453306
463,-0.49156693,-0.4589184998768254
464,-0.49070278,-0.4765527308079496
465,-0.48970243,-0.47276731955309126
466,-0.4823333,-0.47694824281196135
467,-0.49237508,-0.47776631977058504
468,-0.49047244,-0.4766280310233295
469,-0.49283597,-0.47274890874355835
470,-0.49277163,-0.6228312129195748
471,-0.4936101,-0.8019864561638241
472,-0.49142045,-0.783125812686897
473,-0.5991071,-0.7920338770543094
474,-0.8028672,-0.7856994182728725
475,-0.7845136,-0.7954241802634379
476,-0.79502904,-0.7898291221518567
477,-0.8065604,-0.78640570046673
478,-0.81712866,-0.7958148123995687
479,-0.78929615,-0.7858031030919836
480,-0.765983,-0.7859237170486861
481,-0.7757796,-0.7846197732298608
482,-0.77462196,-0.8084229712223483
483,-0.77454746,-0.7769244899608228
484,-0.7744522,-0.7906321251762072
485,-0.7983836,-0.7992912069646267
486,-0.7623396,-0.7769483853040366
487,-0.779392,-0.7899764975443018
488,-0.78840005,-0.7870428910393534
489,-0.7658845,-0.7877621526939484
490,-0.7784982,-0.7762192631592126
491,-0.77682626,-0.7916609141203728
492,-0.7787533,-0.7860262178833344
493,-0.76540136,-0.7894175411189235
494,-0.7823738,-0.7957901472514741
495,-0.7758782,-0.7757187502446548
496,-0.77780616,-0.8166169333452373
497,-0.7818428,-0.7854666732283033
498,-0.7632805,-0.788562995940951
499,-0.80529666,-0.7839028371926824
500,-0.7683861,-0.7895583460161437
501,-0.7748383,-0.7873161778570872
502,-0.7723259,-0.7953560025658017
503,-0.78238225,-0.7900205684872494
504,-0.7768072,-0.7881228622296677
505,-0.78389966,-0.79408353872288
506,-0.77783203,-0.7835181209992299
507,-0.77777946,-0.7767641044195825
508,-0.7819967,-0.7747044563762355
509,-0.77164865,-0.779099657961903
510,-0.76651096,-0.774150896072719
511,-0.7675029,-0.7910630053018077
512,-0.7737292,-0.7922569526475536
513,-0.76699483,-0.7852287844054402
514,-0.78210247,-0.7939163994260146
515,-0.7796813,-0.7839023765087489
516,-0.7709627,-0.7851540057809094
517,-0.7790961,-0.7818566947664092
518,-0.76968503,-0.7906327409696197
519,-0.7725557,-0.7862481659345304
520,-0.76994836,-0.7820365479299825
521,-0.7806237,-0.7767268823585101
522,-0.775036,-0.7754389959615855
523,-0.7707696,-0.7917612544583439
524,-0.7668785,-0.7793270033427915
525,-0.76814795,-0.7913329914878773
526,-0.7831483,-0.6230719518885321
527,-0.7671056,-0.4671756968955245
528,-0.7792499,-0.4571549829697861
529,-0.6240845,-0.4765666079984099
530,-0.5584504,-0.46059339342075356
531,-0.58793217,-0.45987004463001835
532,-0.6053139,-0.46065618623362115
533,-0.55752945,-0.46005569246915234
534,-0.5264914,-0.45646883792660153
535,-0.51219225,-0.4610759611632602
536,-0.50367236,-0.4567145863440718
537,-0.48213202,-0.47453674255180855
538,-0.4798642,-0.46131252922483856
539,-0.4770232,-0.46778791088745386
540,-0.4874302,-0.4566378990733089
541,-0.47966528,-0.46769839095253474
542,-0.48429185,-0.46728249233352415
543,-0.477466,-0.47575682667347463
544,-0.4852268,-0.45784291320134773
545,-0.48444414,-0.4778181280935212
546,-0.4897914,-0.47808767839910526
547,-0.48029524,-0.46722411367394123
548,-0.4914989,-0.44875555710411463
549,-0.49179104,-0.4488177189204898
550,-0.48730862,-0.4733205560224589
551,-0.47637835,-0.4904868057523615
552,-0.47641712,-0.47657838695711474
553,-0.48867324,-0.4699998421981042
554,-0.49744165,-0.4814880824585037
555,-0.49041933,-0.4894685751645951
556,-0.48793203,-0.4535046583742415
557,-0.495273,-0.46540825479616776
558,-0.5006262,-0.465340283948966
559,-0.48166126,-0.4738867863209921
560,-0.48763904,-0.4612181302779188
561,-0.48769486,-0.4685695529184417
562,-0.49230748,-0.46994597718867137
563,-0.4832185,-0.46208631229728203
564,-0.48729593,-0.47641604153410544
565,-0.4878372,-0.48256551658172153
566,-0.48386675,-0.674960690293692
567,-0.49023625,-0.7884169480006382
568,-0.49453175,-0.7985140883061699
569,-0.6479127,-0.7880834356559887
570,-0.7918081,-0.7769163736431757
571,-0.8009478,-0.809926541378575
572,-0.7968377,-0.7979613109488994
573,-0.797225,-0.7993196759620627
574,-0.83046246,-0.7910696452123607
575,-0.7980019,-0.7970316156318491
576,-0.7758633,-0.7944110414977061
577,-0.76848435,-0.7659714101872004
578,-0.7868563,-0.8060432302469356
579,-0.782737,-0.7959741951987249
580,-0.75454175,-0.795528633299909
581,-0.8002279,-0.7919202013615674
582,-0.78654814,-0.7977915229783843
583,-0.7826003,-0.7911583393263943
584,-0.7772591,-0.8052652486505134
585,-0.78744674,-0.7950378962555578
586,-0.7791214,-0.7152361331695649
587,-0.7917229,-0.7314257510763555
588,-0.77982676,-0.793609253607872
589,-0.70859665,-0.7973917258646457
590,-0.7422308,-0.7758209145499757
591,-0.8075646,-0.7860504707937082
592,-0.7904626,-0.7850021962257325
593,-0.7543189,-0.8001394567825679
594,-0.7707294,-0.7739450032055619
595,-0.77570665,-0.8026943048036428
596,-0.7839979,-0.7840582670350336
597,-0.7506156,-0.7921982948338187
598,-0.7883543,-0.7977272523155985
599,-0.77174604,-0.7972609547089524
600,-0.78084147,-0.7937291426203374
601,-0.7830012,-0.7918029665372488
602,-0.7841673,-0.7987943941625473
603,-0.77930355,-0.7910901478973646
604,-0.77884924,-0.7990236350915365
605,-0.7868643,-0.7924645347242509
606,-0.7791177,-0.7858923638556181
607,-0.78653467,-0.7901102067132242
608,-0.7802596,-0.7543806572876233
609,-0.77563703,-0.7887700629750682
610,-0.7808081,-0.787385499382558
611,-0.7470944,-0.7993438137488333
612,-0.78698874,-0.7854131921062695
613,-0.780643,-0.7910196596568162
614,-0.78818107,-0.7860345039783345
615,-0.7690004,-0.7947670893751146
616,-0.77872694,-0.7886556320107236
617,-0.77366924,-0.7872277058478916
618,-0.7820653,-0.787177407601668
619,-0.7732805,-0.7802271672923002
620,-0.77561355,-0.7865980514655087
621,-0.7767081,-0.7846194332959726
622,-0.7710806,-0.793435680009634
623,-0.77734447,-0.7878230933654384
624,-0.77467525,-0.7907712032525642
625,-0.7828561,-0.7937036998632763
626,-0.7751454,-0.7873867175132234
627,-0.778303,-0.7917364482969995
628,-0.7808182,-0.7901294336093174
629,-0.7742851,-0.7929746184553761
630,-0.7790581,-0.7807598620202518
631,-0.77802706,-0.7678047844825855
632,-0.7813455,-0.7863036663008525
633,-0.7690201,-0.792061124813157
634,-0.75944066,-0.782718073890533
635,-0.7815609,-0.8015010484573748
636,-0.7839124,-0.7864846083104573
637,-0.769946,-0.7847650709912029
638,-0.78820753,-0.7953384336334728
639,-0.77260613,-0.7881431876444569
640,-0.7721622,-0.7843424578378722
641,-0.78200984,-0.7679318317108046
642,-0.7752265,-0.768426025211469
643,-0.7724111,-0.7593795836693331
644,-0.7584261,-0.7662757938502838
645,-0.7646314,-0.771680490234822
646,-0.75737476,-0.7640502897069092
647,-0.7635585,-0.7695349076942282
648,-0.7663442,-0.7632114418414111
649,-0.7567772,-0.7764897489019031
650,-0.7607498,-0.7573313986743986
651,-0.7536695,-0.7773601037055708
652,-0.7660779,-0.7672397370300934
653,-0.74468,-0.7687777533801086
654,-0.76668763,-0.765736816724012
655,-0.755195,-0.76732168549663
656,-0.75771236,-0.754508178892028
657,-0.7537682,-0.7620420648804951
658,-0.7577623,-0.7697525350167871
659,-0.7449403,0.06486311570876291
660,-0.75467277,-0.26483834959500063
661,-0.76103544,-0.7582753854228599
662,-0.79645896,-0.760140951810792
663,-0.84148276,-0.7650144359226709
664,-0.8337171,-0.7591468444470997
665,-0.7833185,-0.7717081560133483
666,-0.75460744,-0.7505047876125608
667,-0.7298701,-0.7675982702699287
668,-0.7626852,-0.7576339160492298
669,-0.74722564,-0.7628819088992731
670,-0.7828299,-0.7610069878760208
671,-0.74437857,-0.7782675191554125
672,-0.75292754,-0.7668876237150375
673,-0.7495964,-0.7526887546428782
674,-0.76728356,-0.7605000398573196
675,-0.7522929,-0.7630082700427023
676,-0.73999023,-0.7641200392087828
677,-0.7512958,-0.7587471378688933
678,-0.75578403,-0.769352775676154
679,-0.7534566,-0.7591647445264491
680,-0.74696183,-0.7649967885814122
681,-0.7596432,-0.7672087063955793
682,-0.748826,-0.7625027010785652
683,-0.7538023,-0.7614385861230362
684,-0.75492597,-0.7681831592338626
685,-0.75107026,-0.7678800860984178
686,-0.7501515,-0.753692044918642
687,-0.75773317,-0.7667112504081219
688,-0.75644845,-0.7632793100338635
689,-0.742154,-0.7647579317042357
690,-0.7571965,-0.7411087227213418
691,-0.7538364,-0.8246698491157973
692,-0.7540746,-0.8273299629193243
693,-0.730427,-0.8062425997601561
694,-0.81563103,-0.831207056270099
695,-0.81023335,-0.8253138136811051
696,-0.7783834,-0.8257649757608405
697,-0.8025398,-0.8097572306449721
698,-0.8024634,-0.8269411874233661
699,-0.800985,-0.8199438971777151
700,-0.78435624,-0.8224128658416869
701,-0.8111073,-0.8346343744972036
702,-0.808823,-0.8178929148733118
703,-0.8099251,-0.8269767320361501
704,-0.8202517,-0.8200704066619537
705,-0.80431175,-0.826992341608696
706,-0.8144289,-0.817542814969668
707,-0.8065405,-0.8233002632383497
708,-0.81518745,-0.8359631934186109
709,-0.8045708,-0.8224341806985394
710,-0.81222975,-0.8285836700634213
711,-0.8244091,-0.8097974597092572
712,-0.8082124,-0.8329092852549522
713,-0.8141868,-0.8164707554316633
714,-0.7969023,-0.8288785400845553
715,-0.8242909,-0.8256873249155905
716,-0.8035178,-0.8292527839739807
717,-0.81740344,-0.8280691289272959
718,-0.81245244,-0.8157918424002184
719,-0.8176981,-0.8316263436335065
720,-0.81346035,-0.8186189147876504
721,-0.80201364,-0.831078663382451
722,-0.82013834,-0.8231666281235677
723,-0.80645645,-0.8311507273265548
724,-0.8193065,-0.8186199410049109
725,-0.80968714,-0.8455075416151852
726,-0.8195096,-0.8292763627231634
727,-0.80509126,-0.8245096116160551
728,-0.8335577,-0.8355549248891592
729,-0.8121066,-0.8287788517811574
730,-0.8099295,-0.8239455355251164
731,-0.82185733,-0.8239423337098066
732,-0.81663644,-0.8321206201779616
733,-0.8107494,-0.82188507363424
734,-0.8120593,-0.8292601135230588
735,-0.8225106,-0.8318376129545473
736,-0.8110926,-0.8199396060656565
737,-0.81736207,-0.8233422527883141
738,-0.8194922,-0.8204193093299621
739,-0.8078424,-0.8263562862592868
740,-0.81158197,-0.8196175884683807
741,-0.80958915,-0.8323736277867435
742,-0.8166119,-0.8245011604949197
743,-0.80769026,-0.8145947692548514
744,-0.8209344,-0.8222851834471705
745,-0.811357,-0.834043945207978
746,-0.8021922,-0.8279522565711301
747,-0.8112798,-0.8203333190337854
748,-0.82341325,-0.8322910830075345
749,-0.81329584,-0.8240132519118277
750,-0.8052349,-0.8249222510252778
751,-0.82013094,-0.8224494187040285
752,-0.8118231,-0.8304809835626217
753,-0.8114953,-0.8267440578107963
754,-0.80890644,-0.8290675823564819
755,-0.8199624,-0.8264798540241147
756,-0.8143722,-0.8267440055176836
757,-0.81560874,-0.8259150441433158
758,-0.81290746,-0.6647865289794415
759,-0.814757,-0.5101300591389366
760,-0.81312597,-0.494534775510739
761,-0.66269207,-0.5010656063809007
762,-0.55969954,-0.49204872991759085
763,-0.6170801,-0.5022397401605274
764,-0.64174,-0.5021059293265386
765,-0.59324074,-0.4747799261591772
766,-0.56288195,-0.5003515425109453
767,-0.54950845,-0.49194623788916214
768,-0.5204484,-0.49897931579472266
769,-0.5179807,-0.4999550465909448
770,-0.50945264,-0.49850410770305054
771,-0.51334846,-0.5005582842136689
772,-0.51236963,-0.5031291882599334
773,-0.51313627,-0.5016664252040806
774,-0.5141008,-0.49228329575458174
775,-0.51575935,-0.5046039947452363
776,-0.51534534,-0.49446166965596783
777,-0.5109303,-0.5041980263339871
778,-0.51747096,-0.5044107385170493
779,-0.5121936,-0.4900056496409264
780,-0.5175164,-0.49668782934269284
781,-0.5169915,-0.49768051571174565
782,-0.51031417,-0.5071366372948583
783,-0.51313055,-0.5476624280516191
784,-0.5135538,-0.8306146699257528
785,-0.5187201,-0.8240898924309521
786,-0.54398143,-0.8287081743125881
787,-0.82334197,-0.8230009038622403
788,-0.8322309,-0.8267613347536347
789,-0.8331286,-0.8295712299339602
790,-0.84414184,-0.8168453999432217
791,-0.85869396,-0.855185656463411
792,-0.83841157,-0.8182727810062831
793,-0.80128217,-0.8283759344809596
794,-0.8293487,-0.8213302721601263
795,-0.8005974,-0.8276978903187098
796,-0.815089,-0.8257882988996548
797,-0.8084625,-0.8266584056238404
798,-0.81922984,-0.811989969904833
799,-0.8135153,-0.8235624041111509
800,-0.81450725,-0.8237038421564953
801,-0.8011116,-0.8303298562735328
802,-0.81682384,-0.8308216580892536
803,-0.8129102,-0.8248889443780849
804,-0.81852746,-0.8286878775088478
805,-0.81565464,-0.8420888564771183
806,-0.8105961,-0.8268618186442989
807,-0.8153701,-0.8233860879294483
808,-0.8278972,-0.8231495137671601
809,-0.8094487,-0.8330129801150912
810,-0.80886805,-0.8135168667152692
811,-0.811996,-0.8246180638568004
812,-0.82413507,-0.8269479607475352
813,-0.80109096,-0.8300425140034222
814,-0.81483996,-0.8201432039437981
815,-0.8175975,-0.8335447694240332
816,-0.81977963,-0.825389977152851
817,-0.80545163,-0.7826592944674031
818,-0.82118094,-0.8085651646695802
819,-0.8119906,-0.7959819685610412
820,-0.7712356,-0.8051302605978452
821,-0.80544925,-0.7955468004623214
822,-0.7948351,-0.8092314499827358
823,-0.8031478,-0.7965251920990237
824,-0.7874818,-0.8028854885256005
825,-0.80369985,-0.8081394796526311
826,-0.7878587,-0.804156752297452
827,-0.7923732,-0.806274886944538
828,-0.7947066,-0.8024739285785498
829,-0.79165506,-0.8095737355162318
830,-0.7923564,-0.792900942014436
831,-0.7895236,-0.8157629831661117
832,-0.7976773,-0.8049794870805815
833,-0.780368,-0.803863399319444
834,-0.80505466,-0.7984360255516927
835,-0.79177225,-0.8054719517591107
836,-0.79157877,-0.8100154492135099
837,-0.7859986,-0.801038476919147
838,-0.79634655,-0.808364073577208
839,-0.79867864,-0.8027679120247975
840,-0.7876334,-0.8012425183106664
841,-0.79591465,-0.7957259106119763
842,-0.7916155,-0.7996262741260765
843,-0.79002535,-0.8022104748067476
844,-0.7844964,-0.8075583877299073
845,-0.7905278,-0.8104540902005106
846,-0.7928958,-0.803520713265184
847,-0.79643965,-0.7997224744518616
848,-0.7968085,-0.8017044675332998
849,-0.78940976,-0.8131310310787854
850,-0.78680027,-0.7946461836551666
851,-0.7904284,-0.8071180315933593
852,-0.8016188,-0.7992577448870641
853,-0.78102374,-0.8052668840496555
854,-0.79619503,-0.7881272682981495
855,-0.78857946,-0.7931689586969759
856,-0.7955283,-0.8010949747577589
857,-0.77592194,-0.48889033370652246
858,-0.7852315,-0.4634889216242146
859,-0.793514,-0.4722844944675608
860,-0.51944363,-0.49050864528916405
861,-0.569808,-0.4667546608131654
862,-0.6117237,-0.48719696258784984
863,-0.6073992,-0.4820025735743756
864,-0.54509324,-0.47185708329903964
865,-0.53419125,-0.48394288266407015
866,-0.53307307,-0.46949928833063614
867,-0.50669485,-0.46612417115030524
868,-0.49839038,-0.4722563025078226
869,-0.49154985,-0.48315660903042223
870,-0.4897799,-0.47330358443781506
871,-0.49171638,-0.4730914421444883
872,-0.49763662,-0.477109436287416
873,-0.49215454,-0.47313390452623194
874,-0.4916559,-0.49338654399266657
875,-0.49381983,-0.4736213219722738
876,-0.4923951,-0.47787582055879696
877,-0.5025948,-0.47652147277865575
878,-0.49275386,-0.47388751409825147
879,-0.4958486,-0.4688062738925938
880,-0.49470317,-0.4653728298977873
881,-0.4942679,-0.4730154123033796
882,-0.49044353,-0.46627007673047993
883,-0.4884256,-0.47317200078957056
884,-0.4918733,-0.47025730271698984
885,-0.48782358,-0.48270700227232677
886,-0.49061644,-0.45408692796621164
887,-0.48875836,-0.46690039817637974
888,-0.49577498,-0.475244663134204
889,-0.48043877,-0.47873129757317967
890,-0.487054,-0.47592047682582006
891,-0.4908143,-0.4735382924047111
892,-0.49383166,-0.4336690063393549
893,-0.49131012,-0.4828798600546018
894,-0.49108988,-0.4676825296309213
895,-0.46986943,-0.4891650240865415
896,-0.49498457,-0.4743379136480641
897,-0.48641658,-0.47641339150167594
898,-0.49878216,-0.4665081282580297
899,-0.48954058,-0.4799485989448282
900,-0.49388224,-0.4532794737410084
901,-0.4875347,-0.4605948219667706
902,-0.49554142,-0.47588477047170974
903,-0.48134112,-0.46327504561857547
904,-0.48482776,-0.4601013550740105
905,-0.49121743,-0.4628912655169284
906,-0.4854458,-0.46733898468872237
907,-0.48186427,-0.4733379032739986
908,-0.48295516,-0.4749277183747824
909,-0.48580247,-0.47289543486181884
910,-0.48834145,-0.4663774217821297
911,-0.4891935,-0.4769698308023602
912,-0.48918802,-0.4671467730874008
913,-0.48635173,-0.47579211153364565
914,-0.49212024,-0.4792413568712983
915,-0.48731336,-0.48089595343147096
916,-0.49212724,-0.47440857134685244
917,-0.493869,-0.4719975171315922
918,-0.49586877,-0.47701823983083624
919,-0.4923151,-0.4706153114641314
920,-0.49151504,-0.48112614650979335
921,-0.49432057,-0.48028616547837144
922,-0.4911229,-0.47985265127718923
923,-0.49628532,-0.47388582618533315
924,-0.49597576,-0.47208267971182405
925,-0.49640918,-0.4867351341726316
926,-0.49294114,-0.4715296461511054
927,-0.49234456,-0.4786190308980478
928,-0.49998164,-0.4851083819652331
929,-0.49217993,-0.4718463781581579
930,-0.49575993,-0.4615388986774982
931,-0.4990735,-0.4806047223348351
932,-0.49307477,-0.478850156544826
933,-0.48661873,-0.46946900392599833
934,-0.4961937,-0.48490508000676913
935,-0.4956274,-0.4721451984563507
936,-0.49035588,-0.46875447103339685
937,-0.4975965,-0.4771331451801446
938,-0.4920874,-0.4827280561504681
939,-0.4902742,-0.4720011021338304
940,-0.49352765,-0.48375063125589435
941,-0.49749064,-0.4747612359445448
942,-0.49180824,-0.48296059855343554
943,-0.4977135,-0.4804811094471644
944,-0.49350488,-0.47630169290739177
945,-0.49850377,-0.4809611243600016
946,-0.49652335,-0.4734207970681701
947,-0.49532875,0.3287233661528348
948,-0.49749267,0.028953268735743443
949,-0.49384755,-0.4668449844964311
950,-0.43826228,-0.4862425672319959
951,-0.64049673,-0.48035764580243256
952,-0.75102246,-0.4730318683336816
953,-0.7051457,-0.46865711146742717
954,-0.6285753,-0.4645108046392674
955,-0.5940114,-0.4733549145925404
956,-0.54097664,-0.47926559933454405
957,-0.5486281,-0.47924792964158636
958,-0.5318545,-0.4686561713008657
959,-0.5234817,-0.47906650339926404
960,-0.49459925,-0.47289452308617985
961,-0.48919356,-0.47852932966963113
962,-0.49476558,-0.4746426027542521
963,-0.49168083,-0.48320692379612007
964,-0.4948888,-0.45901947693723466
965,-0.49246192,-0.4758699587613169
966,-0.49794602,-0.4701141873866228
967,-0.4849901,-0.4674836461992746
968,-0.49361515,-0.4672990391334375
969,-0.48988217,-0.4634491790098134
970,-0.48907882,-0.48473587685535513
971,-0.4872052,-0.4701464720279076
972,-0.48567754,-0.4767831857556395
973,-0.49626586,-0.478105444506979
974,-0.4886732,-0.4841047602475017
975,-0.4924274,-0.47017735492498547
976,-0.49324638,-0.4703245089423733
977,-0.49793646,-0.4581145900959167
978,-0.49026433,-0.44133668840631035
979,-0.49082163,-0.446780377156212
980,-0.4842279,-0.46726156395198304
981,-0.47510946,-0.4559849538571443
982,-0.47486496,-0.45763957381971343
983,-0.4843679,-0.45313649309873005
984,-0.47708023,-0.4624943879518191
985,-0.47574556,-0.45573052174908346
986,-0.4721211,-0.4661792278248269
987,-0.47843334,-0.4642955710832739
988,-0.4731767,-0.45744099236496805
989,-0.48028588,-0.46141389322423976
990,-0.47991666,-0.469606558936261
991,-0.47710812,-0.444211241456141
992,-0.4787419,-0.45402542581088623
993,-0.4847464,-0.4578945368315366
994,-0.46980965,-0.4587627284258553
995,-0.4743862,-0.45152517688825355
996,-0.4762227,-0.44937644057514303
997,-0.4774012,-0.4568394582779387
998,-0.47089627,-0.4565952433416762
999,-0.46936303,-0.4520776234620172
1000,-0.47371382,-0.46496482704356623
1001,-0.47321504,-0.45533508808209033
1002,-0.46984005,-0.4497621411839674
1003,-0.4777676,-0.46491539524629255
1004,-0.47316676,-0.4856485455591004
1005,-0.46961284,-0.4784224735979623
1006,-0.47804293,-0.4959267078747738
1007,-0.4925531,-0.4917090569316458
1008,-0.48983967,-0.46380116282177
1009,-0.5016451,-0.48773427014641335
1010,-0.5012057,-0.7904940699274947
1011,-0.48816955,-0.8223082780092217
1012,-0.50066006,-0.8122855924501848
1013,-0.77149403,-0.8313997973969467
1014,-0.8284569,-0.8167063660744833
1015,-0.810544,-0.8202081621012169
1016,-0.85059536,-0.815615579378467
1017,-0.85249233,-0.822067998933377
1018,-0.83537185,-0.8242089422326426
1019,-0.80797493,-0.818694611996607
1020,-0.7950083,-0.8294705910198716
1021,-0.8089639,-0.8146633356303998
1022,-0.8051419,-0.8138502831273495
1023,-0.81659126,-0.8045456243294706
1024,-0.801486,-0.8204787158742706
1025,-0.8022268,-0.8107999312055443
1026,-0.7946079,-0.8197237347010429
1027,-0.8135829,-0.8172324653649303
1028,-0.8005712,-0.8066122909728146
1029,-0.8093126,-0.8268531925587157
1030,-0.80485654,-0.8194193590585912
1031,-0.7954755,-0.8291416563746532
1032,-0.8153733,-0.812423203149941
1033,-0.8048389,-0.8262126925763305
1034,-0.81409836,-0.8162109984198163
1035,-0.79613507,-0.8269269471824492
1036,-0.8141676,-0.80648957227736
1037,-0.8029283,-0.8223654585239335
1038,-0.8144704,-0.8233334095738534
1039,-0.7922882,-0.8212322417641897
1040,-0.81391096,-0.8249679273862434
1041,-0.8122213,-0.8145558280228999
1042,-0.8090091,-0.824958466379536
1043,-0.81037545,-0.8164052152306975
1044,-0.80167115,-0.8261727940524533
1045,-0.81369686,-0.8120007663019555
1046,-0.8034557,-0.8257630701698622
1047,-0.81369424,-0.8172328619746438
1048,-0.7991115,-0.8332228436692508
1049,-0.81560063,-0.8188832184158599
1050,-0.80478716,-0.8183845837875423
1051,-0.8213216,-0.8268326791770062
1052,-0.8029915,-0.8125985835357474
1053,-0.8059082,-0.814000312277738
1054,-0.8147509,-0.8228092280297588
1055,-0.8006691,-0.8248983606504867
1056,-0.80289423,-0.814445062103599
1057,-0.81321263,-0.8242847032567644
1058,-0.81413686,-0.8227073376216714
1059,-0.80140364,-0.8229302134440704
1060,-0.8118079,-0.8222664112522122
1061,-0.810503,-0.8192392887482489
1062,-0.80997026,-0.8216513160038235
1063,-0.8073963,-0.8095418687405793
1064,-0.80643463,-0.8277257029744878
1065,-0.81034625,-0.8060924983127611
1066,-0.7978724,-0.8235405126765767
1067,-0.81781566,-0.8184458634127423
1068,-0.794418,-0.8238533730399407
1069,-0.81440926,-0.8172701494497157
1070,-0.8062798,-0.8203072123118902
1071,-0.8123095,-0.8250657452884209
1072,-0.8028059,-0.8115185050413198
1073,-0.80789125,-0.8202735921510862
1074,-0.81220126,-0.812782499971312
1075,-0.7983521,-0.8296196140117507
1076,-0.80828846,-0.8174151190984305
1077,-0.80197823,-0.8179180477610606
1078,-0.8195015,-0.8126185008195506
1079,-0.80303824,-0.8224959575910447
1080,-0.8051344,-0.8183202384027577
1081,-0.80096686,-0.8218475797503875
1082,-0.8128202,-0.828382258962103
1083,-0.80532074,-0.8077179335218787
1084,-0.8090538,-0.8207555965974422
1085,-0.8149104,-0.8168953499722142
1086,-0.7945752,-0.8215415596091256
1087,-0.80981696,-0.8132654563561375
1088,-0.80539453,-0.7674955761066617
1089,-0.81044686,-0.8166430588070979
1090,-0.8001443,-0.8135296595018031
1091,-0.7590349,-0.8302692867770582
1092,-0.81819904,-0.817296147884806
1093,-0.80780554,-0.8204569874970802
1094,-0.81723607,-0.8142787440229169
1095,-0.79731834,-0.8235652929744515
1096,-0.8062018,-0.8127322467651665
1097,-0.79994226,-0.8244046610686815
1098,-0.8084135,-0.8177368925941693
1099,-0.79530156,-0.8285494495315606
1100,-0.8127558,-0.775111389868449
1101,-0.80498576,-0.8228941974507944
1102,-0.8171383,-0.8364082874109879
1103,-0.7618722,-0.8065988060709168
1104,-0.8201773,-0.8176777015772241
1105,-0.8271729,-0.8170775213922525
1106,-0.7914516,-0.8233576303285708
1107,-0.8017415,-0.8136107165011504
1108,-0.8070648,-0.8299881156912612
1109,-0.81327605,-0.8049589900299674
1110,-0.79692304,-0.8198535587595535
1111,-0.81478333,-0.8194588907982485
1112,-0.7926644,-0.8188661208079004
1113,-0.8106959,-0.8193855627386688
1114,-0.80676186,-0.8105266807473366
1115,-0.8074316,-0.8212555728705326
1116,-0.8058642,-0.8425704793126951
1117,-0.7985805,-0.8219714103671623
1118,-0.8111776,-0.8141438279837496
1119,-0.82968235,-0.8276834923293788
1120,-0.80289745,-0.8097492474911778
1121,-0.7981479,-0.8185975304739979
1122,-0.81635344,-0.8247684437598093
1123,-0.79887414,-0.8181236723714704
1124,-0.80790985,-0.8237193196429018
1125,-0.813066,-0.81638444967428
1126,-0.8080499,-0.8213534650031258
1127,-0.8124976,-0.7950170584431999
1128,-0.8031341,-0.8263567208201368
1129,-0.80993164,-0.8194650300534503
1130,-0.7835051,-0.8494237030615872
1131,-0.81914437,-0.8139688491272057
1132,-0.80835676,-0.8241400189964232
1133,-0.8360524,-0.8250025055733503
1134,-0.7926202,-0.8112469471934474
1135,-0.8103988,-0.8270110473951042
1136,-0.81167436,-0.8225603839750526
1137,-0.7990513,-0.8255867684402829
1138,-0.8142779,-0.8151834165618959
1139,-0.8112583,-0.823550926414895
1140,-0.81496775,-0.8158649430300622
1141,-0.8030611,-0.8270257568482058
1142,-0.81234145,-0.8119716586977028
1143,-0.8045727,-0.8238856818919724
1144,-0.81570816,-0.8234656934483258
1145,-0.79835534,-0.8061205625197105
1146,-0.8140185,-0.8152375520691686
1147,-0.81130266,-0.8230301300271827
1148,-0.7940862,-0.823583953408209
1149,-0.8051535,-0.8206871766800221
1150,-0.8137939,-0.824062746784342
1151,-0.8114848,-0.8107070864086405
1152,-0.80580115,-0.8092897556448111
1153,-0.81010497,-0.8276220040538516
1154,-0.7984003,-0.8160540996756642
1155,-0.79863214,-0.826132594712025
1156,-0.8172556,-0.8033535032123094
1157,-0.8036785,-0.8255296062040374
1158,-0.81346107,-0.8034973076586471
1159,-0.78989244,-0.8264038043512953
1160,-0.8172425,-0.8143429189513087
1161,-0.79133093,-0.8238293652839861
1162,-0.8162284,-0.8109244889206386
1163,-0.8004329,-0.8265332440517348
1164,-0.8129121,-0.817402442526477
1165,-0.7968304,-0.8069299533289065
1166,-0.81541,-0.818674381871302
1167,-0.8027823,-0.8209877070375797
1168,-0.7946539,-0.8154729761720005
1169,-0.80787516,-0.8192804545293912
1170,-0.81119084,-0.827602321473015
1171,-0.8027227,-0.8109325857682348
1172,-0.806262,-0.820508375466821
1173,-0.8150637,-0.8162864656709499
1174,-0.7974433,-0.8184044977083142
1175,-0.8076688,-0.8232206003995235
1176,-0.80362546,-0.8182385636597782
1177,-0.8077713,-0.8213530245542806
1178,-0.81051457,-0.8120259125475737
1179,-0.80508196,-0.8250035798850308
1180,-0.8090997,-0.8160945460175502
1181,-0.7996814,-0.8241051116341449
1182,-0.81383073,-0.8057796772906731
1183,-0.803211,-0.8225160929933217
1184,-0.81188476,-0.8283003218042939
1185,-0.79279804,-0.8166612275016538
1186,-0.8136914,-0.8218014333520205
1187,-0.8161323,-0.816893486435321
1188,-0.80228007,-0.824484923317371
1189,-0.8075706,-0.8065690717901288
1190,-0.8050387,-0.8272710008563839
1191,-0.81333125,-0.819819650610319
1192,-0.7930652,-0.8177873400609288
1193,-0.8167262,-0.8206979595176442
1194,-0.8079308,-0.8200113676939031
1195,-0.80589974,-0.8108300589622397
1196,-0.80734885,-0.8126532305486558
1197,-0.8084668,-0.8233437065167091
1198,-0.79885256,-0.8091747963468614
1199,-0.8020021,-0.7889314033156651
1200,-0.813189,-0.8180001100771992
1201,-0.7979214,-0.8331031604364123
1202,-0.77886224,-0.8057414534662652
1203,-0.8132454,-0.8212444144547091
1204,-0.8241006,-0.821654916805665
1205,-0.7889464,-0.8231232625825151
1206,-0.80580616,-0.8239464089895845
1207,-0.8093109,-0.8146165249657864
1208,-0.8102546,-0.8250539040998892
1209,-0.8056464,-0.814758407890309
1210,-0.79863703,-0.8291568160575589
1211,-0.814394,-0.81065036920698
1212,-0.8025043,-0.8205579024870537
1213,-0.81666195,-0.8081631121822948
1214,-0.7970302,-0.815050202837799
1215,-0.81055164,-0.8191594813665946
1216,-0.7973237,-0.8151397444652058
1217,-0.80677176,-0.8267754829779252
1218,-0.8083919,-0.8064522112875723
1219,-0.80386865,-0.8216968302651684
1220,-0.8143039,-0.8144076019049387
1221,-0.7929429,-0.8268750876747915
1222,-0.81055284,-0.8182195829454342
1223,-0.8017361,-0.8194492119099908
1224,-0.8146099,-0.8142588024474597
1225,-0.80300045,-0.8074234045863355
1226,-0.8065351,-0.8189580078134695
1227,-0.8018708,-0.8166832743011794
1228,-0.7972435,-0.8298350617864516
1229,-0.8090997,-0.8137414212431313
1230,-0.8058846,-0.8268755353573778
1231,-0.8174615,-0.8185190643156988
1232,-0.79876316,-0.8176249639203403
1233,-0.8140867,-0.8183970509610956
1234,-0.8041971,-0.8273423337638512
1235,-0.8044996,0.02220381894560486
1236,-0.8051598,-0.3568535345599191
1237,-0.81606233,-0.8223255550361754
1238,-0.85010314,-0.8186357028536029
1239,-0.82566345,-0.8074955348989865
1240,-0.8511901,-0.8162206090056381
1241,-0.82388103,-0.8279118710442044
1242,-0.78706396,-0.8172516637508367
1243,-0.78015304,-0.8115015811842843
1244,-0.81337297,-0.7493711702520431
1245,-0.7988398,-0.7334418509020895
1246,-0.8244971,-0.5061310219878736
1247,-0.7277747,-0.49993124897659325
1248,-0.74484456,-0.5106040099802729
1249,-0.5608355,-0.3175998648085492
1250,-0.6180803,-0.5040281409811
1251,-0.6360166,-0.498062136436888
1252,-0.514861,-0.4979067656294176
1253,-0.55508316,-0.5000800801101728
1254,-0.53762484,-0.5098615329592451
1255,-0.51784724,-0.5103846420187486
1256,-0.5039247,-0.5030396470929057
1257,-0.5161301,-0.5178587619933848
1258,-0.51866055,-0.5143137547062442
1259,-0.5132699,-0.5133647445653033
1260,-0.5282028,-0.5184489664249874
1261,-0.5248755,-0.5624677287540267
1262,-0.52520454,-0.5610745529146719
1263,-0.5279806,-0.5386331174874035
1264,-0.5599605,-0.5652986557428843
1265,-0.5617678,-0.5598968379199636
1266,-0.54287696,-0.5659464585911407
1267,-0.563553,-0.5571103696616377
1268,-0.5653218,-0.5661235332848533
1269,-0.56585217,-0.5590889994663131
1270,-0.5611827,-0.5675795875155818
1271,-0.5710615,-0.5672037420065648
1272,-0.5673758,-0.5515643864796285
1273,-0.57205415,-0.5694691494653039
1274,-0.5722023,-0.5604090067868948
1275,-0.56203437,-0.562167866475525
1276,-0.5749341,-0.5463477068761324
1277,-0.5695998,-0.5544988548592626
1278,-0.5686675,-0.5540026291253641
1279,-0.5588465,-0.5614882528615295
1280,-0.56591475,-0.5625313984448581
1281,-0.5653795,-0.5543761785951469
1282,-0.56790715,-0.5558769110645727
1283,-0.56757593,-0.5588269779271191
1284,-0.5625453,-0.5648083938983672
1285,-0.5643785,-0.5595355697790121
1286,-0.5671904,-0.5469765621794749
1287,-0.5701634,-0.5531518006665737
1288,-0.56575525,-0.4860689238104574
1289,-0.55806863,-0.37685808408706434
1290,-0.5641482,-0.464995132578609
1291,-0.52356076,-0.5507194159188984
1292,-0.469779,-0.4906213565762947
1293,-0.50672126,-0.5389566624697468
1294,-0.55505323,-0.5437688893443309
1295,-0.50328076,-0.5433596792134152
1296,-0.5305364,-0.5583219331795359
1297,-0.546018,-0.5448569662522253
1298,-0.5480342,-0.548049060900847
1299,-0.55579364,-0.5473923547917885
1300,-0.5516675,-0.5572447128068139
1301,-0.5529121,-0.533495262275756
1302,-0.5555468,-0.5451105175558977
1303,-0.5623255,-0.559227318276498
1304,-0.5465532,-0.5396621249293561
1305,-0.5551386,-0.5743566665749118
1306,-0.56667197,-0.5461823445374643
1307,-0.55085623,-0.5456198239284402
1308,-0.5724753,-0.5386692762133767
1309,-0.5560583,-0.549572703587168
1310,-0.5547886,-0.5463442641500724
1311,-0.5529946,-0.49871137973943513
1312,-0.5611936,-0.5250629228764341
1313,-0.5564981,-0.5221153053375276
1314,-0.52715725,-0.5347324673874989
1315,-0.5424824,-0.52494966128697
1316,-0.543023,-0.5558667694787442
1317,-0.5443672,-0.5362505583636883
1318,-0.5357046,-0.5492882825722634
1319,-0.5574312,-0.5721834521573337
1320,-0.5449933,-0.5330418998472921
1321,-0.5517038,-0.5420720549752136
1322,-0.57136524,-0.537195439395685
1323,-0.54380023,-0.5424351955387947
1324,-0.55001545,-0.5381843292307971
1325,-0.5527613,-0.5463852545251509
1326,-0.55500853,-0.5353863797500336
1327,-0.5492017,-0.5379128757951102
1328,-0.55477655,-0.5450430088744489
1329,-0.5482166,-0.5292770403492562
1330,-0.5492157,-0.5398099921484119
1331,-0.5541923,-0.522777501884629
1332,-0.54322016,-0.5421627951086094
1333,-0.54948264,-0.5375210293143009
1334,-0.5398232,-0.543112885149498
1335,-0.5516793,-0.5402542301251907
1336,-0.54812264,-0.5361975337451619
1337,-0.54998577,-0.5460010880873585
1338,-0.5486099,-0.5282457193497163
1339,-0.54699206,-0.5419515998431077
1340,-0.55381525,-0.5364185394895957
1341,-0.5421699,-0.5397245374963926
1342,-0.550815,-0.5408187255530326
1343,-0.5486038,-0.5347517085863156
1344,-0.54941714,-0.5328135261087719
1345,-0.54987234,-0.5039490038883119
1346,-0.54633206,-0.5092218241410533
1347,-0.5451095,-0.7598846070133167
1348,-0.52866375,-0.8655008916931606
1349,-0.53170335,-0.8794904613101231
1350,-0.7469094,-0.8731587646820045
1351,-0.87143815,-0.8797574652477402
1352,-0.8823521,-0.8694597874883581
1353,-0.89328897,-0.8902031110628381
1354,-0.9188912,-0.8839929096855219
1355,-0.8983611,-0.8849252087651238
1356,-0.8985224,-0.8732354720931799
1357,-0.8486134,-0.8860987498130743
1358,-0.85544443,-0.8527327527608104
1359,-0.85397005,-0.8188739899613595
1360,-0.8724364,-0.6804205051316059
1361,-0.83714175,-0.7257498958590445
1362,-0.811602,-0.7438080066089996
1363,-0.6733022,-0.7546572788718466
1364,-0.78274894,-0.7669591407233918
1365,-0.8047761,-0.7614803871796647
1366,-0.78920877,-0.7717156871404738
1367,-0.77107286,-0.750157177221559
1368,-0.7625022,-0.7709673297298303
1369,-0.7662009,-0.7648378984273627
1370,-0.7355645,-0.7711049269090358
1371,-0.7543328,-0.7679923425132382
1372,-0.7496227,-0.7616833666129958
1373,-0.75742376,-0.7739343658832947
1374,-0.7535625,-0.7580963380219317
1375,-0.75038594,-0.7671909531823773
1376,-0.7631818,-0.7684392285791009
1377,-0.74657154,-0.767309056597195
1378,-0.75660694,-0.769734764905611
1379,-0.7581531,-0.7654176144044889
1380,-0.75674796,-0.7651605241048445
1381,-0.7577815,-0.7540996428879256
1382,-0.75376976,-0.7796504536503204
1383,-0.7545676,-0.7551874988180702
1384,-0.7446618,-0.7646747827000813
1385,-0.77069354,-0.7581501955101588
1386,-0.7434741,-0.7661369743724755
1387,-0.75476503,-0.7107982127816983
1388,-0.7485009,-0.3216571617360584
1389,-0.7584816,-0.5429816059720989
1390,-0.70303077,-0.4314761586123126
1391,-0.47356772,-0.5715967669758162
1392,-0.5397382,-0.761358406643257
1393,-0.524052,-0.7664924344110506
1394,-0.63691413,-0.7662510351684961
1395,-0.75341135,-0.7721691105072734
1396,-0.77215326,-0.7741891537194288
1397,-0.7625383,-0.7655905266501026
1398,-0.7893691,-0.7724302093081983
1399,-0.80106807,-0.7532814297762289
1400,-0.7655883,-0.7585067362142168
1401,-0.75855005,-0.7515676310729802
1402,-0.7337867,-0.7618800859470147
1403,-0.7511029,-0.767699505087573
1404,-0.7451408,-0.7574088394609593
1405,-0.7563827,-0.7632857929093508
1406,-0.7584317,-0.7606634861768455
1407,-0.7462922,-0.7618961661717032
1408,-0.75233155,-0.7598943957133701
1409,-0.7503116,-0.7684943362183032
1410,-0.750721,-0.7485944691080988
1411,-0.74806535,-0.6986850755562879
1412,-0.75727046,-0.701533606542567
1413,-0.7376837,-0.69658185647553
1414,-0.6949841,-0.7192836401619553
1415,-0.7107471,-0.8307584094910778
1416,-0.7123648,-0.8348973305402516
1417,-0.72824454,-0.8279275881494033
1418,-0.8272042,-0.8380386554350701
1419,-0.8257762,-0.8319624542894548
1420,-0.8102766,-0.8319323181952325
1421,-0.82181203,-0.8295291087645744
1422,-0.8173739,-0.8188244035282319
1423,-0.80583763,-0.8366002246363404
1424,-0.799474,-0.8266673933221915
1425,-0.7980623,-0.5256054170854263
1426,-0.8275571,-0.22631839225778094
1427,-0.81471646,-0.4386328411486504
1428,-0.5264856,-0.39216075582479437
1429,-0.1961298,-0.4303221519736651
1430,-0.26607502,-0.43629353883962096
1431,-0.3812165,-0.42134430849671123
1432,-0.69923234,-0.4294774962530039
1433,-0.87276244,-0.4286301982849219
1434,-0.9192549,-0.3273168007476386
1435,-0.5692767,-0.08493929371725484
1436,-0.43420237,-0.08631508898316032
1437,-0.4099388,-0.07296598907960572
1438,-0.14146136,-0.10300304523203874
1439,-0.3214302,-0.10602410520389327
1440,-0.43887803,-0.08378217110936115
1441,-0.41170985,-0.0962310786973739
1442,-0.37891325,-0.09772273956765742
1443,-0.38793927,-0.05299406465682299
1444,-0.19684047,-0.09660768173141632
1445,-0.46313944,-0.07872795977451608
1446,-0.72868717,-0.09334356044936554
1447,-0.7309859,-0.08833893306468976
1448,-0.72734475,-0.09527995941021672
1449,-0.73082536,-0.08870971036339581
1450,-0.7326087,-0.09225699572276813
1451,-0.72829103,-0.07490274005014141
1452,-0.7325299,-0.09463020291095958
1453,-0.733939,-0.08935527050852965
1454,-0.7264656,-0.08257188852123232
1455,-0.7314306,-0.09355498482331726
1456,-0.72767353,-0.08137779803587764
1457,-0.7286407,-0.0924903105652688
1458,-0.7283518,-0.09740229420676005
1459,-0.73074806,-0.07659285438320484
1460,-0.73076093,-0.10379829226983439
1461,-0.7306213,-0.0775601921440261
1462,-0.7262538,-0.08897051449983628
1463,-0.7292497,-0.08844463657018098
1464,-0.7290165,-0.08384599628104317
1465,-0.72793233,-0.08492755773386262
1466,-0.7305188,-0.09649873203671877
1467,-0.72777,-0.08705507725167383
1468,-0.7303982,-0.08815504829902787
1469,-0.731562,-0.0935515798086004
1470,-0.72694945,-0.0902432300408198
1471,-0.73216975,-0.08442500806512321
1472,-0.72788703,-0.0958236922650566
1473,-0.72873366,-0.06713484618994592
1474,-0.72873807,-0.09487531065374233
1475,-0.72725,-0.07429348428317661
1476,-0.728119,-0.07468962123766998
1477,-0.7321328,-0.07445301720079067
1478,-0.73195416,-0.07793509220803552
1479,-0.73313856,-0.08993179362857306
1480,-0.73751223,-0.08752274132744908
1481,-0.7392354,-0.0883599722115802
1482,-0.73863107,-0.09595337177688901
1483,-0.7391609,-0.07789227747924876
1484,-0.7330732,-0.09475463642987103
1485,-0.73687315,-0.061155570283871974
1486,-0.7340702,0.028662852525711102
1487,-0.7327195,-0.36534716406608236
1488,-0.7327161,-0.46509940511281833
1489,-0.7374567,-0.7801048133692474
1490,-0.7537261,-0.8248041435304965
1491,-0.7249945,-0.8516107050345669
1492,-0.7919245,-0.8349534240768537
1493,-0.827121,-0.8417905072680849
1494,-0.81887615,-0.8412528745150016
1495,-0.83273005,-0.8446130675361472
1496,-0.89277005,-0.8406782422170294
1497,-0.88959026,-0.8361394796032844
1498,-0.8526529,-0.8418675767227555
1499,-0.80551815,-0.8269962469622167
1500,-0.8162066,-0.8395733006890438
1501,-0.82949066,-0.8317139384150483
1502,-0.8158314,-0.8506340182385943
1503,-0.82968485,-0.8323567979800464
1504,-0.82070565,-0.8373780721127058
1505,-0.84037125,-0.8333710037193776
1506,-0.817135,-0.8344446499156508
1507,-0.8248519,-0.8410311748394443
1508,-0.8206961,-0.8406854893442599
1509,-0.82369506,-0.8391481127820728
1510,-0.8281442,-0.8265085953733873
1511,-0.8273065,-0.840673831121326
1512,-0.8253641,-0.8221677937183576
1513,-0.8137603,-0.8338767956376294
1514,-0.83004713,-0.8292492555232993
1515,-0.8102634,-0.8376690768700268
1516,-0.8243525,-0.8412596819758134
1517,-0.8182546,-0.8405068023806219
1518,-0.82823443,-0.846956037812078
1519,-0.82787097,-0.8507398673029214
1520,-0.82542765,-0.8564351693712293
1521,-0.8307301,-0.8550514090793715
1522,-0.83377135,-0.8632986904961604
1523,-0.83748424,0.05465039276715622
1524,-0.8353175,0.43994994154387124
1525,-0.8441539,-0.6702017678503911
1526,-0.89079034,-0.8500720085728977
1527,-0.9439808,-0.8593792081475
1528,-0.86161673,-0.8507555662944462
1529,-0.8801614,-0.8616003636090837
1530,-0.8886174,-0.8492954283251564
1531,-0.87145305,-0.8586832492915677
1532,-0.87658215,-0.8514512185003114
1533,-0.8493284,-0.8606662593549852
1534,-0.8839829,-0.844753111148639
1535,-0.8506886,-0.8650816499021616
1536,-0.83369017,-0.8558885525830782
1537,-0.82985616,-0.8441737815095209
1538,-0.8539493,-0.8600237062715845
1539,-0.84082973,-0.8320057226387545
1540,-0.83071923,-0.8243882370258326
1541,-0.8476851,-0.391878878985775
1542,-0.82016826,-0.6189253149475655
1543,-0.8174106,-0.4831899744809709
1544,-0.44598508,-0.7773782435941345
1545,-0.6118802,-0.8170952584888251
1546,-0.5721859,-0.8374600204507219
1547,-0.8255737,-0.841029081249375
1548,-0.8217869,-0.8265188678103941
1549,-0.8426888,-0.8307863769743746
1550,-0.84455407,-0.8297694051454032
1551,-0.85217035,-0.8396653220506314
1552,-0.8452798,-0.835204865581807
1553,-0.82377934,-0.8349066324328329
1554,-0.80830944,-0.7452142175357119
1555,-0.814399,-0.7230309148514342
1556,-0.81979764,-0.7344404663272597
1557,-0.736217,-0.7234013852332486
1558,-0.73878807,-0.7316738748800942
1559,-0.7667123,-0.8098844971296293
1560,-0.7559074,-0.8463070824410375
1561,-0.74932843,-0.8320103353729189
1562,-0.8131722,-0.8361937934622439
1563,-0.84085083,-0.835223353026951
1564,-0.81347704,-0.8521189045671231
1565,-0.8136895,-0.8331173476772957
1566,-0.81374896,-0.8373900743590701
1567,-0.827978,-0.8460592795666615
1568,-0.80027604,-0.8328881912322401
1569,-0.8126911,-0.8377345504315625
1570,-0.83129764,-0.834718949429549
1571,-0.82018423,-0.845049489946756
1572,-0.8242898,-0.8368780663945472
1573,-0.8223996,-0.8431714180494987
1574,-0.8348303,-0.8212706057102173
1575,-0.8233607,-0.8438844214696215
1576,-0.8293823,-0.8403443997403495
1577,-0.80806553,-0.8417381428235746
1578,-0.8355243,-0.8395079743998091
1579,-0.82731295,-0.8354292326372659
1580,-0.82826924,-0.8420190470036708
1581,-0.82414746,-0.8301498628795281
1582,-0.8229859,-0.8449728185581926
1583,-0.8299304,-0.8367736792034051
1584,-0.81651855,-0.8408688789368461
1585,-0.8327466,-0.8296850112195826
1586,-0.8238462,-0.8087551665178521
1587,-0.8286766,-0.8152883981580437
1588,-0.81622577,-0.813138942086858
1589,-0.799299,-0.8127527995858841
1590,-0.8113413,-0.8120081086064013
1591,-0.8104147,-0.8327074508281842
1592,-0.8086016,-0.8284596723392585
1593,-0.80610144,-0.8354631743820045
1594,-0.8255575,-0.8381850072721737
1595,-0.81536984,-0.8417926014236374
1596,-0.81827486,-0.831310248680909
1597,-0.8185382,-0.845097643511864
1598,-0.8232987,-0.8359777694534136
1599,-0.8115072,-0.817283680853403
1600,-0.82814145,-0.8257257148271222
1601,-0.8191072,-0.8196096881047901
