,avgcpu,labels
0,-0.94610083,-0.970954998599485
1,-0.9438528,-0.9611092335261542
2,-0.9478311,-0.9676867947385055
3,-0.9655106,-0.9624642406405496
4,-0.9349213,-0.9475888623576985
5,-0.96279526,-0.969393293643831
6,-0.9275304,-0.967817877879382
7,-0.92291963,-0.939382890692894
8,-0.92644083,-0.8821946962909525
9,-0.9293118,-0.9100302781918352
10,-0.92264056,-0.947456633421963
11,-0.92534196,-0.9742966995072861
12,-0.9312433,-0.9662822072120405
13,-0.9374287,-0.964649554875062
14,-0.94044113,-0.9703966701884897
15,-0.93522346,-0.9719484415907371
16,-0.953743,-0.9600707794092037
17,-0.9376776,-0.9650762859421465
18,-0.94147176,-0.9668650791043509
19,-0.9376911,-0.9402980231959802
20,-0.9239849,-0.9664334528529568
21,-0.9271867,-0.9213773565876694
22,-0.9230768,-0.8520707437004815
23,-0.92371035,-0.9728110415791406
24,-0.93169785,-0.9784810284954705
25,-0.919141,-0.9619532752682582
26,-0.9401324,-0.9630433977403144
27,-0.94901586,-0.9735295544312136
28,-0.9410374,-0.9562640358806276
29,-0.95059425,-0.9803022730192711
30,-0.96557426,-0.9676209877456257
31,-0.9519863,-0.950400798850771
32,-0.960473,-0.9640158116822304
33,-0.9315517,-0.9728090460970236
34,-0.9206196,-0.24857283413092846
35,-0.92933166,-0.8747730809367691
36,-0.92801607,-0.9167479385453213
37,-0.91868705,-0.96470149385655
38,-0.961426,-0.9676590673521437
39,-0.9623481,-0.9785983504941418
40,-0.9477234,-0.9622687032567387
41,-0.9325851,-0.9730627938600134
42,-0.9385216,-0.8007863553064047
43,-0.9534874,-0.7783517259429024
44,-0.9371778,-0.8083931909237352
45,-0.95634925,-0.9312278431213745
46,-0.94066775,-0.9535780313044089
47,-0.9584135,-0.978582927364644
48,-0.9532919,-0.9138897757035196
49,-0.95717776,-0.8702697745254774
50,-0.9442961,-0.9611551747033641
51,-0.9393209,-0.9691531107554732
52,-0.9339599,-0.9549391743533752
53,-0.96458775,-0.9759429589643468
54,-0.9692075,-0.9720184397141398
55,-0.9308764,-0.9404474729337331
56,-0.95166385,-0.9678253562100255
57,-0.9662869,-0.8606292084726596
58,-0.9395995,-0.9663423416668419
59,-0.9581034,-0.9530561027833837
60,-0.930153,-0.9803130903626642
61,-0.93483305,-0.9313356798690965
62,-0.9582934,-0.8907628616507675
63,-0.93997216,-0.917855054138535
64,-0.95799625,-0.9742430159651679
65,-0.9524126,-0.9566864564127102
66,-0.9513771,-0.9823750746900214
67,-0.9476688,-0.9299472564512328
68,-0.93699425,-0.9762330105518258
69,-0.92855716,-0.943866018149911
70,-0.9633137,-0.9693223809201164
71,-0.92375153,-0.9630375369928693
72,-0.9675436,-0.9888998173718371
73,-0.9247689,-0.9475201546660676
74,-0.94626194,-0.9787533125461613
75,-0.92789996,-0.8938574663448224
76,-0.933786,-0.8914329392750484
77,-0.92006767,-0.9576740891413626
78,-0.93657964,-0.9833595323663153
79,-0.92545223,-0.9304975905353494
80,-0.95501274,-0.9923771421706848
81,-0.94202936,-0.966067840604404
82,-0.93001795,-0.9620365313854761
83,-0.9495791,-0.9673672624011136
84,-0.96681273,-0.9745899546279053
85,-0.92393196,-0.9565617619642627
86,-0.9667565,-0.9768698064015005
87,-0.935393,-0.9679977283376634
88,-0.92703587,-0.9414233988905545
89,-0.9236438,-0.8741105146903481
90,-0.9336003,-0.9246930961320821
91,-0.92078674,-0.9291606806186625
92,-0.9255518,-0.962033769689906
93,-0.93312865,-0.9513854632000405
94,-0.93926454,-0.9408479279318245
95,-0.9412916,-0.9846449936199276
96,-0.9452256,-0.9667069178650018
97,-0.9529524,-0.9496216167836316
98,-0.9402574,-0.9671469555683988
99,-0.9389155,-0.9608802993495167
100,-0.92423403,-0.9581017482392237
101,-0.9368083,-0.9627616469221437
102,-0.93110085,-0.9160802620592623
103,-0.92595077,-0.8379822074947714
104,-0.92914236,-0.9524088626501714
105,-0.93085325,-0.9577930423716976
106,-0.9207661,-0.9584039350480584
107,-0.9412041,-0.9617450113269183
108,-0.94691765,-0.9753801869418611
109,-0.94544256,-0.9535979946216249
110,-0.9533918,-0.9735335117296723
111,-0.9596009,-0.9622030864224751
112,-0.9534658,-0.949685347480919
113,-0.95888746,-0.9616855554251988
114,-0.93164206,-0.9678585398954085
115,-0.9212495,-0.9458608826624507
116,-0.93020797,-0.8709325823843908
117,-0.9282554,-0.8779115624405084
118,-0.9243051,-0.9500767668209648
119,-0.923125,-0.9717035937465628
120,-0.9325177,-0.9645784324541167
121,-0.93992126,-0.9281279004383935
122,-0.94687414,-0.962156060178808
123,-0.93236154,-0.9604224424273288
124,-0.95103663,-0.9523944214964668
125,-0.9525517,-0.962349546789213
126,-0.96499836,-0.9671438424118141
127,-0.9406626,-0.9525835091793771
128,-0.9333224,-0.9496779707572847
129,-0.9439766,-0.9288603875178749
130,-0.92516935,-0.8701359610980259
131,-0.92730945,-0.9307283797999379
132,-0.92874634,-0.9666150703095652
133,-0.9228051,-0.9549312382852724
134,-0.9337487,-0.9701732287396914
135,-0.94322956,-0.9428375472774797
136,-0.9401745,-0.9524979841944217
137,-0.93697846,-0.9558663635750599
138,-0.9634521,-0.9587539611727418
139,-0.9240376,-0.9115050540938523
140,-0.96620476,-0.8657762883192579
141,-0.92548573,-0.2687161868860054
142,-0.9275334,-0.3798756202882798
143,-0.9244077,-0.7073257831658948
144,-0.924892,-0.7977129583555261
145,-0.9610711,-0.9254809054718636
146,-0.9409324,-0.9600391342867631
147,-0.9317021,-0.9507358615550817
148,-0.8904778,-0.8395854380706156
149,-0.8803221,-0.9332407613308624
150,-0.94213426,-0.970567513004595
151,-0.9367413,-0.9417798572685512
152,-0.94172883,-0.9457488369633646
153,-0.97075224,-0.9526741318615652
154,-0.9475657,-0.9549768067190691
155,-0.94591975,-0.9677448754478708
156,-0.9594109,-0.9449302928779589
157,-0.92844963,-0.8454372770786187
158,-0.9604107,-0.9216890011226953
159,-0.9285147,-0.9650217103319685
160,-0.92365336,-0.9519840068563072
161,-0.9390316,-0.9629213470612702
162,-0.94814354,-0.9686897391610668
163,-0.94831145,-0.9419126015304218
164,-0.9385818,-0.9529982741413844
165,-0.95707667,-0.9636109272865345
166,-0.9266018,-0.9455117794798351
167,-0.9612197,-0.9631031100500338
168,-0.93228745,-0.9675335755900614
169,-0.92556536,-0.9499586534960858
170,-0.92684174,-0.9149234688510244
171,-0.9373721,-0.8655887956496022
172,-0.92434984,-0.9491616396953733
173,-0.9278538,-0.9605291565491035
174,-0.9268775,-0.9706723075630657
175,-0.9347528,-0.9672619448736459
176,-0.9433658,-0.9593336060377671
177,-0.9381157,-0.9619157741136062
178,-0.951625,-0.9618523729902315
179,-0.9595673,-0.9703014223009215
180,-0.94553095,-0.9784389832692302
181,-0.9530361,-0.9571027549063856
182,-0.9251147,-0.9750984976080116
183,-0.92641306,-0.8828476981223485
184,-0.9251955,-0.867637241127447
185,-0.92342645,-0.8917568774174338
186,-0.9280466,-0.9556700406852235
187,-0.9281279,-0.9450885660815249
188,-0.9472555,-0.9534802345182825
189,-0.94508636,-0.9693905080935648
190,-0.94227266,-0.9400585992166106
191,-0.9426873,-0.96211876349263
192,-0.96372426,-0.9592668458139635
193,-0.92970103,-0.948411065787555
194,-0.9583888,-0.9657519119746739
195,-0.9432011,-0.9616404294561496
196,-0.9239244,-0.9580188763425079
197,-0.9337001,-0.9244741965809437
198,-0.93223447,-0.8749026444623316
199,-0.9237443,-0.9341576965811715
200,-0.92870545,-0.9402312586620263
201,-0.9239489,-0.8393721896877635
202,-0.93289614,-0.959986812355532
203,-0.9395813,-0.9533747620440841
204,-0.9345294,-0.9687349804356257
205,-0.94425297,-0.9726421662520459
206,-0.96675587,-0.9451291796455934
207,-0.9446437,-0.9797935672308349
208,-0.9492161,-0.9505590531079249
209,-0.95781004,-0.969452090373053
210,-0.9500215,-0.9531896364650596
211,-0.96406054,-0.9072345841006724
212,-0.92065907,-0.8254617253983183
213,-0.9391912,-0.9751579847149578
214,-0.922498,-0.932778969978646
215,-0.92771363,-0.9687668907651692
216,-0.9435514,-0.9713042871006129
217,-0.948426,-0.9765897412611364
218,-0.9461477,-0.9420018997282631
219,-0.9663563,-0.9746905216920883
220,-0.95419866,-0.9426630795457007
221,-0.9583988,-0.9679729574491106
222,-0.94685787,-0.9534422286106464
223,-0.9329941,-0.9800800192762911
224,-0.92134345,-0.9172967372206815
225,-0.93902254,-0.8890346811167057
226,-0.92513275,-0.8860681597661956
227,-0.93450403,-0.967197247358484
228,-0.922881,-0.9585764719659495
229,-0.94057584,-0.9729799629261646
230,-0.93649423,-0.936536392370448
231,-0.94262254,-0.9802371151837311
232,-0.9289833,-0.9567388815980595
233,-0.96097314,-0.9664021895673444
234,-0.93054754,-0.95495085201915
235,-0.9672218,-0.9711035904455669
236,-0.9229704,-0.9314584082615827
237,-0.93947506,-0.9762466577793447
238,-0.92703253,-0.8934449766451157
239,-0.9311942,-0.8751736187038754
240,-0.9225936,-0.7989404450506534
241,-0.9369043,-0.7982599075643716
242,-0.9248767,-0.772438534863285
243,-0.95086545,-0.9078264790652745
244,-0.9399314,-0.9507848203212418
245,-0.9535109,-0.9672216725382641
246,-0.95335805,-0.9518342401471023
247,-0.962424,-0.9752019834529735
248,-0.94758993,-0.9414602731255364
249,-0.94721144,-0.9655643532386894
250,-0.9445065,-0.9434737322746019
251,-0.9636656,-0.9668063475197755
252,-0.9493516,-0.8714014212046943
253,-0.9524707,-0.8620769497487686
254,-0.9226192,-0.8406671978699075
255,-0.9354867,-0.9368528345496294
256,-0.9310181,-0.9525485570500949
257,-0.9498245,-0.966146207468213
258,-0.9461711,-0.9542141411508505
259,-0.9536644,-0.9726208680103801
260,-0.94044256,-0.9457440204944139
261,-0.9551462,-0.9623904911585074
262,-0.94048774,-0.9430616379705233
263,-0.96522844,-0.9735525479773353
264,-0.95441514,-0.9610666396730339
265,-0.93741715,-0.9825913961411382
266,-0.9229609,-0.946412511492585
267,-0.93504256,-0.9191567293259539
268,-0.922801,-0.8625556671191159
269,-0.9342007,-0.9695198550113844
270,-0.9191166,-0.952183519626824
271,-0.93254554,-0.9827198537156433
272,-0.93519473,-0.9431934820215924
273,-0.94491816,-0.9635423989727545
274,-0.937166,-0.9439556267730281
275,-0.95997804,-0.9726111684345948
276,-0.9538636,-0.9579552796782725
277,-0.9664415,-0.9790048410536859
278,-0.92877805,-0.9502487723711102
279,-0.937935,-0.9848509033303811
280,-0.9229908,-0.9382547688169538
281,-0.9346737,-0.8576436425861207
282,-0.92087865,-0.9266172832789112
283,-0.9361035,-0.9706737951096374
284,-0.91678464,-0.9466242237600739
285,-0.9372365,-0.9610032251892054
286,-0.94374394,-0.9313005205596331
287,-0.94437313,-0.9740134018475071
288,-0.93472964,-0.9553504204542586
289,-0.9608239,-0.9792109568288392
290,-0.9240875,-0.9520137472104675
291,-0.96833944,-0.9823717802440252
292,-0.92350644,-0.9464088397360573
293,-0.93934953,-0.9603107144677838
294,-0.9230726,-0.8906359072778204
295,-0.93895364,-0.8786321306386289
296,-0.91930056,-0.938853128027564
297,-0.93679607,-0.9624186898370354
298,-0.92679226,-0.9449353317498793
299,-0.94498014,-0.9701227141045625
300,-0.94283235,-0.9613012037195963
301,-0.9332408,-0.9771585529709059
302,-0.95065856,-0.9497928117422426
303,-0.96271974,-0.978306582339098
304,-0.93538547,-0.9539771385697133
305,-0.9596681,-0.9704279114676968
306,-0.9212916,-0.9552660810286322
307,-0.9341892,-0.9702511925968804
308,-0.92071414,-0.8529956494022678
309,-0.93537575,-0.9082754763771373
310,-0.9224551,-0.9440974856528672
311,-0.9294622,-0.9660551286089889
312,-0.9354953,-0.95743836000369
313,-0.95602345,-0.9811697774667434
314,-0.9502523,-0.9494087291370533
315,-0.9445773,-0.978274563605578
316,-0.9508219,-0.9546603459847507
317,-0.9422697,-0.9587384520524376
318,-0.9488426,-0.9551040064919801
319,-0.95121175,-0.9814505139744047
320,-0.9206197,-0.9505527660681403
321,-0.9365735,-0.9135176024281596
322,-0.9249932,-0.1895532233850985
323,-0.92881393,-0.9132895020515388
324,-0.91943747,-0.956709791099976
325,-0.9184454,-0.9794909444908033
326,-0.9583641,-0.9521072786583243
327,-0.9426593,-0.9824607392637635
328,-0.93437064,-0.9609051402255918
329,-0.91864413,-0.9612220837796046
330,-0.92757523,-0.9645052319327605
331,-0.9363028,-0.9663318441359056
332,-0.9336462,-0.9632661882568839
333,-0.95377266,-0.9463754525468804
334,-0.9244952,-0.953719637357856
335,-0.9255114,-0.9021779300540405
336,-0.9244178,-0.8703371071610225
337,-0.926078,-0.9674088286412381
338,-0.92685544,-0.9458102372360611
339,-0.9241011,-0.8358873970321441
340,-0.9382372,-0.7866204146554558
341,-0.9427226,-0.8042487395368015
342,-0.928653,-0.8890818657438472
343,-0.9519006,-0.9646252858405054
344,-0.96457803,-0.9555920229866401
345,-0.9612677,-0.8359787367932854
346,-0.9628829,-0.9472799607029369
347,-0.950482,-0.9606617673974466
348,-0.9327816,-0.9408886168741788
349,-0.95184195,-0.8738157649141807
350,-0.9685066,-0.910174230749808
351,-0.9429967,-0.9648824156720575
352,-0.9427922,-0.9699761483599761
353,-0.95319724,-0.96146628959495
354,-0.95213246,-0.9789593342383234
355,-0.9584939,-0.9585716670300941
356,-0.9313613,-0.9706415755015543
357,-0.9595981,-0.9434765595732595
358,-0.9337468,-0.9640383977200118
359,-0.95210475,-0.9426234213690953
360,-0.9421991,-0.9675527556887581
361,-0.9208256,-0.9530549906302122
362,-0.93274367,-0.9213927269832451
363,-0.9226097,-0.8513614359857683
364,-0.9347104,-0.9746743296263307
365,-0.92262673,-0.9533573411244354
366,-0.929121,-0.9822398947366511
367,-0.9391415,-0.9554234528718284
368,-0.9465709,-0.9769869085797942
369,-0.94201946,-0.9456964458530612
370,-0.9603603,-0.9756606031930563
371,-0.9566542,-0.9530703714691545
372,-0.9662355,-0.9823192414480526
373,-0.9339508,-0.9563163958408576
374,-0.936794,-0.9691339339352929
375,-0.9214073,-0.9551389720689403
376,-0.93612593,-0.8984548872625386
377,-0.92043066,-0.8802916398162361
378,-0.93544537,-0.9791462620228103
379,-0.92037904,-0.9554099740763389
380,-0.92653203,-0.9698736613084145
381,-0.9356469,-0.9453358957017681
382,-0.94292295,-0.9658644718638771
383,-0.92775285,-0.9502148888681127
384,-0.96340275,-0.987302084024226
385,-0.950636,-0.9526841763445122
386,-0.96727014,-0.983618406829099
387,-0.92741287,-0.95440989977408
388,-0.9339366,-0.9808906961487471
389,-0.91993,-0.9188634830814881
390,-0.93996894,-0.8915422809315132
391,-0.91970897,-0.9203727307580647
392,-0.9411286,-0.9684328410178896
393,-0.92190504,-0.9609598929025461
394,-0.9407145,-0.9614367390706164
395,-0.93690264,-0.9489396766163408
396,-0.9361154,-0.9839353187494737
397,-0.9343953,-0.9584187367771433
398,-0.96148,-0.9689706117047465
399,-0.92656636,-0.9592947413051841
400,-0.9570476,-0.989567461253564
401,-0.92104435,-0.9511764769079935
402,-0.9363713,-0.9828510263845441
403,-0.9231164,-0.8948877485405959
404,-0.93339515,-0.8798097366622589
405,-0.918911,-0.95773307921175
406,-0.9371679,-0.9512013303061333
407,-0.92553174,-0.9555770092252154
408,-0.95547295,-0.9790273973563968
409,-0.94347256,-0.9561702781833865
410,-0.92942345,-0.9731609182370529
411,-0.9605812,-0.9632500572897076
412,-0.96069574,-0.9749640075607253
413,-0.950487,-0.9486453765125569
414,-0.9503285,-0.9820917285448088
415,-0.92176634,-0.9554402836025397
416,-0.93325585,-0.9467072681659192
417,-0.9214649,-0.8699241750501405
418,-0.93242395,-0.8986623079476763
419,-0.9197546,-0.948354185727869
420,-0.9328135,-0.9857874960879522
421,-0.9326967,-0.9629339109700217
422,-0.944913,-0.9765165792046697
423,-0.9466202,-0.949940578869232
424,-0.9349537,-0.9842329135859502
425,-0.94970655,-0.9375982952705526
426,-0.9485949,-0.9661762179848148
427,-0.93999326,-0.9188174545739297
428,-0.96107095,-0.8838802670715585
429,-0.91982436,-0.399903552275065
430,-0.9404388,-0.5407129674238556
431,-0.9206797,-0.8281263802824443
432,-0.9330877,-0.9382741368294923
433,-0.962032,-0.9363224937206784
434,-0.94089484,-0.964576749246622
435,-0.9305692,-0.9448508799962578
436,-0.8980691,-0.871574181091425
437,-0.9211438,-0.9171972317351724
438,-0.9636773,-0.8376796532689462
439,-0.9228976,-0.7734932731934452
440,-0.95694983,-0.8057829517048025
441,-0.96426064,-0.8969646433145608
442,-0.9310465,-0.9405997098290793
443,-0.9585072,-0.953690943022397
444,-0.96570575,-0.9089479557965423
445,-0.9557903,-0.8565747430818466
446,-0.9471345,-0.972097825732545
447,-0.94114524,-0.9548205593094379
448,-0.9424386,-0.9864062226484056
449,-0.9683495,-0.9505382810695532
450,-0.96838856,-0.9798514570652562
451,-0.9299104,-0.9592926303273465
452,-0.958737,-0.9854042427732522
453,-0.9554978,-0.9571723748648377
454,-0.96817786,-0.9443142574331865
455,-0.92956585,-0.9524113306714331
456,-0.9376526,-0.9761153356866472
457,-0.9190593,-0.9523414890370026
458,-0.93232703,-0.8730676285917787
459,-0.92613196,-0.8768129448207698
460,-0.92718554,-0.9061174935026581
461,-0.9212141,-0.8986280952229444
462,-0.93769825,-0.9843713010143195
463,-0.93874097,-0.9582282283988423
464,-0.9421023,-0.9705913724852012
465,-0.93846923,-0.9630870606712636
466,-0.9632897,-0.9673641085133527
467,-0.92980385,-0.9460072160271393
468,-0.9638186,-0.978017332256377
469,-0.9227898,-0.9561364623093551
470,-0.96213216,-0.9670239126087969
471,-0.92583144,-0.964947389050971
472,-0.93124497,-0.9719790815680114
473,-0.9209804,-0.8981955129412261
474,-0.93512535,-0.8904390838532568
475,-0.9247105,-0.9389707197206275
476,-0.9276833,-0.9769201198358071
477,-0.92699766,-0.9563641297723564
478,-0.9411871,-0.9365910505974782
479,-0.94289505,-0.9569795952631759
480,-0.9335203,-0.9819809499682071
481,-0.9464933,-0.954238990340287
482,-0.9621544,-0.9685441583336707
483,-0.9374749,-0.9583480492228251
484,-0.9495402,-0.8931422270923265
485,-0.9239492,-0.9503093179501847
486,-0.9479216,-0.9763347196762815
487,-0.9208057,-0.8778257835950561
488,-0.935423,-0.883901896114034
489,-0.94196767,-0.8389703556477339
490,-0.9354539,-0.9589217756742449
491,-0.9326667,-0.9440535932069476
492,-0.96599346,-0.9707837925962635
493,-0.9443408,-0.9550556120030806
494,-0.96639305,-0.9699757656229974
495,-0.9340273,-0.9628794396594723
496,-0.9618891,-0.9785831530716569
497,-0.9406173,-0.9601781632531334
498,-0.96651053,-0.9762827865535101
499,-0.94656444,-0.9519580852184385
500,-0.9308597,-0.9496600482216557
501,-0.9212248,-0.8760874880358074
502,-0.93020165,-0.8842739120373755
503,-0.91988623,-0.9673138618657302
504,-0.92929196,-0.9657061087713874
505,-0.9301487,-0.9848017957885918
506,-0.94330865,-0.9457592838296093
507,-0.94574136,-0.9731490141394525
508,-0.9288758,-0.9601673830213238
509,-0.95924973,-0.9671137733912282
510,-0.9409391,-0.9614443180997291
511,-0.9688537,-0.9747491219501306
512,-0.9259231,-0.9416345692128698
513,-0.93477875,-0.9768372091625435
514,-0.92740667,-0.8980055093190934
515,-0.92732835,-0.8733623561376602
516,-0.92106783,-0.9498121794443204
517,-0.93339527,-0.9698004314101233
518,-0.9243759,-0.9444412466922044
519,-0.9507036,-0.9831420087936877
520,-0.9425106,-0.9618090176874078
521,-0.93227804,-0.9616458988659081
522,-0.9500419,-0.9639312210069185
523,-0.9667798,-0.9727064096911039
524,-0.932476,-0.9577395542309599
525,-0.96542674,-0.9744480038386505
526,-0.9250545,-0.9546898523981633
527,-0.92725545,-0.9572885727657088
528,-0.9230288,-0.8848015608069912
529,-0.93105376,-0.8890424756186541
530,-0.92083395,-0.879836667319436
531,-0.9292593,-0.9581838894734186
532,-0.9289517,-0.9267878660384274
533,-0.94043005,-0.9691100143735478
534,-0.94123936,-0.966626564022734
535,-0.9445579,-0.9757822112744258
536,-0.9370647,-0.9590839024293336
537,-0.9636998,-0.8222066141125914
538,-0.92509836,-0.7785101898535239
539,-0.9628396,-0.7982432856571482
540,-0.92146546,-0.9110853670669097
541,-0.93812454,-0.9675629833736529
542,-0.9489921,-0.9532240996135886
543,-0.95356846,-0.8463801568946052
544,-0.9563296,-0.8355961943537331
545,-0.9460765,-0.8826623078596185
546,-0.93133914,-0.9188544574771444
547,-0.9453429,-0.9702477076556587
548,-0.9694786,-0.9514351457437163
549,-0.9663801,-0.9747068400570579
550,-0.95102894,-0.952645023669272
551,-0.94978225,-0.9458341100313558
552,-0.9482058,-0.9650347167639967
553,-0.96251965,-0.9689388682789453
554,-0.94487077,-0.9504697728102238
555,-0.96569026,-0.9769422392209539
556,-0.92727613,-0.9598597829383071
557,-0.92465806,-0.9719323820619442
558,-0.9272959,-0.9176903493650255
559,-0.93603086,-0.874215323580178
560,-0.921427,-0.953370592688991
561,-0.93355393,-0.9725339235196749
562,-0.9223418,-0.9597122457190819
563,-0.9370547,-0.949837741249231
564,-0.9414487,-0.9731330646034818
565,-0.9359615,-0.9729615552072367
566,-0.9465735,-0.9594428860397521
567,-0.96547055,-0.9777377098990984
568,-0.94112587,-0.9641467254977022
569,-0.9496485,-0.9401464926070771
570,-0.927588,-0.9603557262099565
571,-0.93181586,-0.9444816004997141
572,-0.9208051,-0.8671100321948246
573,-0.9283668,-0.9390690751785644
574,-0.9297819,-0.9457020017957865
575,-0.9218333,-0.9461880193813503
576,-0.93553257,-0.9655865538209263
577,-0.9542932,-0.9665594621962854
578,-0.9422721,-0.9485614155795361
579,-0.94724524,-0.9760696331630099
580,-0.96301776,-0.9619986777218437
581,-0.92932355,-0.952820009274221
582,-0.95216155,-0.9644918401789875
583,-0.93060815,-0.9664751388059879
584,-0.92164606,-0.9459034139960278
585,-0.9325803,-0.9217574527597108
586,-0.92887664,-0.8741392224431936
587,-0.9243323,-0.9571285522731703
588,-0.924423,-0.9557932592475087
589,-0.9293981,-0.9767818967419027
590,-0.9331248,-0.9536156190723345
591,-0.94233036,-0.9813498236372844
592,-0.93478227,-0.9515687586345586
593,-0.9524942,-0.9712158523632646
594,-0.95420945,-0.9568084552558165
595,-0.95435774,-0.9796967549793903
596,-0.9285275,-0.9499262539627658
597,-0.938512,-0.9794388488314146
598,-0.92186373,-0.9074128057245722
599,-0.932616,-0.8483990513314295
600,-0.9205625,-0.9582359300013241
601,-0.9342649,-0.9846046256189525
602,-0.92214715,-0.9440657531950517
603,-0.94605166,-0.9787128615854674
604,-0.94629633,-0.9416811762882389
605,-0.9397167,-0.9662002838347201
606,-0.9468944,-0.9640106495237863
607,-0.96630996,-0.9805941329943368
608,-0.93374515,-0.9502366904391083
609,-0.96771634,-0.9852873576260597
610,-0.92405105,-0.29721498153267034
611,-0.9316628,-0.9369013612924285
612,-0.9226798,-0.8643623916024037
613,-0.926808,-0.93298289123058
614,-0.9571338,-0.9484021447712666
615,-0.95905435,-0.984870610964073
616,-0.94692206,-0.9585088434468463
617,-0.9425011,-0.9597431330161039
618,-0.93814385,-0.9612443493908224
619,-0.9500451,-0.9782237821788788
620,-0.9456199,-0.9518124324791326
621,-0.94421744,-0.9800916407471347
622,-0.93895435,-0.931905245736824
623,-0.938627,-0.9538069207146185
624,-0.9216347,-0.9581686947053001
625,-0.9358092,-0.9187626488774472
626,-0.9208637,-0.8574467561311496
627,-0.9431298,-0.9650249048051358
628,-0.92525256,-0.951271658958361
629,-0.9271883,-0.9690758524252028
630,-0.942295,-0.9635336681005711
631,-0.94490206,-0.9779315123301786
632,-0.936493,-0.9524608827064147
633,-0.9574873,-0.9605675297138168
634,-0.9600892,-0.8424973386732366
635,-0.9594548,-0.9446995019569233
636,-0.9401909,-0.7986634836826483
637,-0.92910963,-0.8024720052669418
638,-0.93780684,-0.7544819604976367
639,-0.9516969,-0.8455840708258107
640,-0.9422307,-0.9218849581214834
641,-0.96197236,-0.967586940515571
642,-0.96090066,-0.956451882828065
643,-0.96481967,-0.9694113744708663
644,-0.9552407,-0.9387067737515551
645,-0.94681895,-0.9788060918305492
646,-0.9469459,-0.9423013257836474
647,-0.96444315,-0.9508681657969786
648,-0.95500517,-0.9767084467891536
649,-0.9680416,-0.9607334050239452
650,-0.92064005,-0.9655047213978922
651,-0.9420699,-0.9632323850618754
652,-0.92798257,-0.8862638680127899
653,-0.925696,-0.8630338024854904
654,-0.9335126,-0.9498647676162086
655,-0.9239326,-0.934313050226095
656,-0.92896354,-0.9507533376756997
657,-0.9398875,-0.9432610299499126
658,-0.9457773,-0.9480927831108453
659,-0.93226165,-0.9415567067570518
660,-0.9622215,-0.9381193827738704
661,-0.95766836,-0.9401173972067232
662,-0.9636272,-0.9409202619930952
663,-0.93820447,-0.9455728237907888
664,-0.93023014,-0.9482480811404259
665,-0.92888063,-0.908542115985548
666,-0.9290725,-0.8632592649111958
667,-0.9301555,-0.9163138555665343
668,-0.9287003,-0.9428193270092726
669,-0.9253616,-0.9408471417497399
670,-0.93485594,-0.9358513067808997
671,-0.9417924,-0.9445835708167811
672,-0.9391498,-0.935485169239983
673,-0.94265455,-0.9306287165271537
674,-0.9613728,-0.9370837608920328
675,-0.9365504,-0.9372349426970614
676,-0.9532951,-0.945500281910844
677,-0.9337635,-0.9407176496167193
678,-0.9307221,-0.9550787546347475
679,-0.9298235,-0.8522188822956589
680,-0.9318985,-0.8805246449860779
681,-0.92985165,-0.9339842441248201
682,-0.930542,-0.940115965497688
683,-0.9354135,-0.9373909325719983
684,-0.9558321,-0.933965000475368
685,-0.9497726,-0.9350128683457473
686,-0.9406824,-0.9457104571869664
687,-0.9559164,-0.9451542441917682
688,-0.9475324,-0.9453753389219074
689,-0.9626321,-0.9458891679554842
690,-0.9437396,-0.9376082724496693
691,-0.92897904,-0.9369739924193534
692,-0.9314776,-0.8909732651477449
693,-0.92898583,-0.8431222579427646
694,-0.92858684,-0.9254641119165367
695,-0.929036,-0.9423952806904442
696,-0.9257778,-0.9378626645248545
697,-0.9389099,-0.9326741575751416
698,-0.94614583,-0.9481482179612786
699,-0.94099337,-0.9360240267055422
700,-0.95017266,-0.9470497008759352
701,-0.96324503,-0.9349331101162197
702,-0.95268106,-0.9427087964290055
703,-0.95773506,-0.9294360394898707
704,-0.9348657,-0.9435465831468586
705,-0.92690295,-0.9322167840449416
706,-0.9343091,-0.8481931899826498
707,-0.92702734,-0.8730349609950345
708,-0.9339657,-0.9293142064474254
709,-0.9251379,-0.9270264848463925
710,-0.93664193,-0.9402798197878298
711,-0.94892204,-0.9280877378319181
712,-0.948383,-0.9399712907317466
713,-0.93756545,-0.9260268551613944
714,-0.9587017,-0.9258031563420758
715,-0.9386012,-0.8950476596738755
716,-0.96471894,-0.8550005380233829
717,-0.93456274,-0.3676950135451229
718,-0.9356289,-0.5697133745693805
719,-0.92733794,-0.8568344254873237
720,-0.9267497,-0.8008048763781261
721,-0.96139383,-0.9051471308870291
722,-0.9395109,-0.935824892750328
723,-0.92770934,-0.8007785957217333
724,-0.8987922,-0.836649891397264
725,-0.93177557,-0.9038465161521578
726,-0.94955134,-0.950496742737511
727,-0.94332767,-0.9283528197712526
728,-0.968396,-0.942703922469617
729,-0.9550397,-0.9329432229464534
730,-0.9542749,-0.9418981473025214
731,-0.9385756,-0.9450609762081638
732,-0.9620948,-0.9263584491714021
733,-0.9610884,-0.838571438293464
734,-0.9627845,-0.8827440115151268
735,-0.92827463,-0.7638055319209355
736,-0.9274459,-0.7652432122552133
737,-0.93858033,-0.751522343367814
738,-0.94353485,-0.929778670994507
739,-0.94063354,-0.9316830870742143
740,-0.9604247,-0.9459564535985117
741,-0.9624649,-0.9323627412340774
742,-0.9590066,-0.9284636925749965
743,-0.9421221,-0.9317593603886527
744,-0.9529748,-0.9277201546827895
745,-0.93435514,-0.9425100749878865
746,-0.94875765,-0.8915500710356073
747,-0.9550009,-0.8351444497234113
748,-0.93195105,-0.9339451124525022
749,-0.9323839,-0.9337989045197279
750,-0.92588603,-0.9462572422951344
751,-0.9433713,-0.9381244020778461
752,-0.94721675,-0.936427968472112
753,-0.94003546,-0.9349567797843804
754,-0.9551245,-0.9369559283041312
755,-0.95928645,-0.9400550373388684
756,-0.9616405,-0.9250583672168002
757,-0.9585452,-0.9222582078762065
758,-0.9312365,-0.9384022625491888
759,-0.9297731,-0.9366458171747298
760,-0.9292381,-0.8510869914201051
761,-0.93346417,-0.8744549209439128
762,-0.9319323,-0.9413869487904645
763,-0.92799664,-0.9388148410469075
764,-0.936552,-0.9370487742493842
765,-0.9532995,-0.9317906956604358
766,-0.94829214,-0.9237058563442828
767,-0.93708044,-0.8444531877643164
768,-0.9582595,-0.9265665091298073
769,-0.94288707,-0.9204438354808911
770,-0.9610873,-0.9371765817078208
771,-0.94260657,-0.9554996677928876
772,-0.9502742,-0.9361228427721366
773,-0.9446713,-0.8929213918680032
774,-0.954693,-0.8535276531034837
775,-0.9587411,-0.9112665945971002
776,-0.9401952,-0.9424120323490686
777,-0.95383763,-0.9378527752719027
778,-0.9358097,-0.9314009661660834
779,-0.946339,-0.9370176326066741
780,-0.9406182,-0.924216793684054
781,-0.9472761,-0.9313498360108046
782,-0.96149385,-0.9409263481038769
783,-0.9407476,-0.9333413702555937
784,-0.9587344,-0.9370263894486341
785,-0.93648183,-0.9314777348977203
786,-0.9306015,-0.9389220091870032
787,-0.9306134,-0.8518287487976981
788,-0.9341594,-0.8629644601128834
789,-0.92935705,-0.9316059550713056
790,-0.93197966,-0.9267038370483749
791,-0.9348533,-0.9303432444817384
792,-0.9523872,-0.9326019000163623
793,-0.94897175,-0.9273003256017757
794,-0.9360582,-0.9382611288391332
795,-0.9595612,-0.9523037390412248
796,-0.9494327,-0.9233459490315208
797,-0.96251774,-0.9616514016954563
798,-0.9493079,-0.9250894378156125
799,-0.9301917,-0.95358429880152
800,-0.9289936,-0.88971252251586
801,-0.9394578,-0.8601623355687507
802,-0.92377746,-0.8420403135174582
803,-0.9492041,-0.8903292960529405
804,-0.9268219,-0.9271560127305203
805,-0.95041466,-0.9340367105873668
806,-0.9393295,-0.9201348024465876
807,-0.94786525,-0.9505063798974442
808,-0.94357795,-0.924920628252403
809,-0.9502683,-0.948804941008266
810,-0.95050323,-0.9231644105051304
811,-0.9540155,-0.9505683543957859
812,-0.9531219,-0.9273457971014236
813,-0.95327055,-0.9520968678556405
814,-0.92574346,-0.9070241182228095
815,-0.9456651,-0.9072734524266226
816,-0.9255769,-0.8383792462139155
817,-0.94095296,-0.9115996321865762
818,-0.9248047,-0.9187325352359748
819,-0.94298184,-0.9499702593025539
820,-0.9372052,-0.9142620080573517
821,-0.954065,-0.9461620511912645
822,-0.942816,-0.9259296471201472
823,-0.95124537,-0.9515843939685076
824,-0.9514828,-0.9234728511298176
825,-0.95838094,-0.947490277791792
826,-0.939904,-0.9168800373932051
827,-0.9555242,-0.9465609893261093
828,-0.9256686,-0.928872191745562
829,-0.9423044,-0.8579246813726317
830,-0.9255215,-0.8618077535603927
831,-0.9442127,-0.9472366852419809
832,-0.9247452,-0.8855014041748482
833,-0.9356103,-0.9090238757618836
834,-0.94699347,-0.758956197620551
835,-0.9460384,-0.7699361434467658
836,-0.93027866,-0.7498770617731929
837,-0.9627279,-0.9356334663169221
838,-0.94864666,-0.9097386119762334
839,-0.96202207,-0.9452164173759021
840,-0.95295095,-0.9341887326378853
841,-0.957387,-0.9235924669251232
842,-0.94067824,-0.8766799878327567
843,-0.95891654,-0.8402730030871646
844,-0.92985916,-0.9266299068063633
845,-0.93689895,-0.9366396281241527
846,-0.9591207,-0.937390574022998
847,-0.94246185,-0.9405376428990525
848,-0.947575,-0.930573573380333
849,-0.93923426,-0.9397375659280089
850,-0.95444417,-0.9310407442375352
851,-0.9605727,-0.9415290608164839
852,-0.9583186,-0.9131195864639466
853,-0.96278936,-0.9213531139579746
854,-0.9283129,-0.9191219602261933
855,-0.933418,-0.9430491888979335
856,-0.92692924,-0.8397324547687263
857,-0.9380326,-0.8557300914581333
858,-0.93109006,-0.9262876598118038
859,-0.934903,-0.9280590789675465
860,-0.9377505,-0.9312786446804541
861,-0.960951,-0.9414854784405002
862,-0.9513037,-0.9239594572159742
863,-0.943221,-0.9399601485340612
864,-0.9569793,-0.9414025564161217
865,-0.9531245,-0.9219731751833746
866,-0.9601977,-0.931692327269767
867,-0.9580889,-0.8921863685914699
868,-0.92805517,-0.9245805099045316
869,-0.9332444,-0.8874551304151868
870,-0.9346105,-0.8371728367957103
871,-0.92815006,-0.9409002073338982
872,-0.9439206,-0.9296642622171456
873,-0.9280727,-0.9425486009965331
874,-0.94931984,-0.9309652802957789
875,-0.9530481,-0.9431706502766177
876,-0.93798125,-0.9343936688839292
877,-0.9571247,-0.926891741719589
878,-0.95923746,-0.9356897965585365
879,-0.9648044,-0.9390820527488273
880,-0.9507107,-0.9269349527597536
881,-0.9334173,-0.939126367660605
882,-0.93149304,-0.9207792662427015
883,-0.92961586,-0.8483872268723058
884,-0.9308921,-0.89863016482792
885,-0.9351168,-0.9443082932358031
886,-0.9258063,-0.9198829734768801
887,-0.93767375,-0.9386226877117102
888,-0.9482465,-0.9368896140522012
889,-0.9453262,-0.9197155905728174
890,-0.93706703,-0.9181678235967343
891,-0.9653529,-0.936249958860007
892,-0.92904216,-0.9320194441786753
893,-0.96093506,-0.9411227967411034
894,-0.9338874,-0.9386893639187394
895,-0.93277144,-0.9382889010375771
896,-0.9312314,-0.8698061183919312
897,-0.93819565,-0.862488027215008
898,-0.930712,-0.2299398273979285
899,-0.9329715,-0.9329655008110994
900,-0.9315263,-0.9304876584272621
901,-0.9322777,-0.9154458485964487
902,-0.94142866,-0.9359916619491564
903,-0.9363874,-0.9425856373019288
904,-0.9037957,-0.9202133742803369
905,-0.9189656,-0.9450218455732957
906,-0.9328795,-0.9334619173404483
907,-0.9376124,-0.9329383836910281
908,-0.9569719,-0.9439998213290496
909,-0.940352,-0.9077323644299706
910,-0.9270219,-0.8271492146979044
911,-0.9420506,-0.9024140761431697
912,-0.93173444,-0.9364264242839502
913,-0.9254241,-0.9071823236947916
914,-0.9418037,-0.9369558204530593
915,-0.9488325,-0.9360171583520103
916,-0.9467335,-0.9362779392269271
917,-0.9426085,-0.9338858413036804
918,-0.9641526,-0.9370991052296714
919,-0.9320346,-0.9401776170478415
920,-0.9554044,-0.9365938247779315
921,-0.93137777,-0.9304619516626018
922,-0.9325437,-0.9192294153599645
923,-0.93210906,-0.8664211333642275
924,-0.93000346,-0.8656017980215462
925,-0.930434,-0.9229491050370908
926,-0.928843,-0.9402667788490902
927,-0.9318063,-0.9351431182903781
928,-0.9423723,-0.919200217506384
929,-0.94490117,-0.9408535768219997
930,-0.9362054,-0.9473710142368961
931,-0.9529009,-0.9340901638086561
932,-0.9489212,-0.9322884921378369
933,-0.95954835,-0.7418594571194534
934,-0.9473064,-0.7485430176386711
935,-0.93263966,-0.7581516289206763
936,-0.9326294,-0.8975955666239979
937,-0.9482866,-0.8381642363648705
938,-0.95802,-0.8934065599196955
939,-0.94688606,-0.9298163017947063
940,-0.9546484,-0.9311923114734315
941,-0.9462477,-0.933246674848782
942,-0.96735,-0.9404881168499977
943,-0.9453554,-0.9318971858943182
944,-0.9467006,-0.9545774412170112
945,-0.95939004,-0.9228891113709601
946,-0.93819845,-0.9494909463095323
947,-0.96138144,-0.9206049780361714
948,-0.9394853,-0.9522134485272384
949,-0.92506516,-0.9198281826716321
950,-0.94130135,-0.864617909107309
951,-0.9254453,-0.8453327352493056
952,-0.9452338,-0.9472038879264184
953,-0.92320865,-0.9234409376434989
954,-0.9389887,-0.9502809016246283
955,-0.94077784,-0.9170228522632171
956,-0.94751155,-0.9444041114754291
957,-0.9340029,-0.92557224246052
958,-0.96251917,-0.9391125512408427
959,-0.94683766,-0.9194566260107231
960,-0.9662512,-0.9551426619283991
961,-0.9331008,-0.9176227854900757
962,-0.9419865,-0.933023438147545
963,-0.92843616,-0.895463086293117
964,-0.9392007,-0.8565397357454594
965,-0.9243169,-0.8890335461795336
966,-0.94513357,-0.9545509679572938
967,-0.9253084,-0.9161785305748285
968,-0.9467988,-0.9508591209890623
969,-0.9436638,-0.9232325471881526
970,-0.9425752,-0.9303788573362664
971,-0.9318977,-0.9206001393876917
972,-0.9662025,-0.9526543485020735
973,-0.9258848,-0.9176999034432737
974,-0.9636908,-0.9337549915405585
975,-0.9290828,-0.9193369286835893
976,-0.9374316,-0.9487308504271139
977,-0.9251458,-0.8540510721356833
978,-0.94551367,-0.865406016499544
979,-0.9285352,-0.9148176343080676
980,-0.943966,-0.9480927633711755
981,-0.93445987,-0.9227346863202521
982,-0.9587389,-0.9372019899407527
983,-0.94953084,-0.937318663343838
984,-0.94532806,-0.9517256529596307
985,-0.9495194,-0.9235380903324554
986,-0.9619487,-0.9363079950013411
987,-0.9478829,-0.9115711456382931
988,-0.96115804,-0.9229556728376198
989,-0.9263806,-0.9194973683219219
990,-0.93763435,-0.9292871056952159
991,-0.9267878,-0.8280654712167244
992,-0.94071686,-0.9035431967580283
993,-0.93111515,-0.9170092054863976
994,-0.93423164,-0.9436493852236958
995,-0.94145125,-0.9261936472633424
996,-0.9583347,-0.9610995199930475
997,-0.9502319,-0.9200979062111616
998,-0.95448637,-0.9289695913980985
999,-0.9534136,-0.913636686173686
1000,-0.9479998,-0.9467327495045552
1001,-0.9465107,-0.9073281945077476
1002,-0.95709765,-0.934998901105393
1003,-0.9290017,-0.8804639697442201
1004,-0.94310087,-0.8027193939802978
1005,-0.92622507,-0.29172273261108295
1006,-0.9484141,-0.5194918599209659
1007,-0.9252093,-0.9030653180585694
1008,-0.9407691,-0.9403539600372834
1009,-0.95482504,-0.9072096807792133
1010,-0.9387157,-0.9142038789328542
1011,-0.9220566,-0.7989370467763919
1012,-0.8692615,-0.8417590208794237
1013,-0.9269288,-0.9037626934365892
1014,-0.9523908,-0.9389697902766123
1015,-0.93914956,-0.9163617958843419
1016,-0.9636413,-0.9489077571234841
1017,-0.95478636,-0.9308650930654403
1018,-0.94531274,-0.8720785379476308
1019,-0.94300437,-0.8373982231721628
1020,-0.9563931,-0.952247709216114
1021,-0.95324117,-0.9238228900471692
1022,-0.95980215,-0.9383037541383826
1023,-0.9407745,-0.9293996450611601
1024,-0.94814867,-0.9441222636013622
1025,-0.9345778,-0.9279439591088404
1026,-0.9634818,-0.9516287696470852
1027,-0.9586314,-0.9262479087018498
1028,-0.9622908,-0.9517022168999598
1029,-0.9458065,-0.9289808435809778
1030,-0.9370688,-0.935093404145257
1031,-0.925384,-0.8918955179561145
1032,-0.9408988,-0.6857553678382734
1033,-0.9248543,-0.7069926207145437
1034,-0.939763,-0.7700258361504262
1035,-0.9214213,-0.9148087854644871
1036,-0.95595133,-0.9413875078858589
1037,-0.95187485,-0.924424969499283
1038,-0.94549215,-0.9400005181539319
1039,-0.95138526,-0.918788839160339
1040,-0.9454527,-0.9489864676872453
1041,-0.9504571,-0.9253620160384854
1042,-0.9542153,-0.9393130049673497
1043,-0.9532207,-0.9326306462199858
1044,-0.94894993,-0.9446872177263332
1045,-0.9259676,-0.8814178171277365
1046,-0.94231254,-0.840359720281671
1047,-0.92810667,-0.8905857366278691
1048,-0.93624604,-0.9405027123881698
1049,-0.9281676,-0.9219997446374195
1050,-0.9442066,-0.9523395470010783
1051,-0.9461949,-0.9210386498466382
1052,-0.9431755,-0.9456114973426952
1053,-0.94274336,-0.9268605393794683
1054,-0.9639889,-0.9319610166742509
1055,-0.9291378,-0.9320172447809637
1056,-0.96612936,-0.8574282863950027
1057,-0.92637265,-0.924708272574478
1058,-0.9428241,-0.9290325928513434
1059,-0.9278426,-0.8553527944381782
1060,-0.9364933,-0.8475794403179118
1061,-0.95005757,-0.9265364856141909
1062,-0.94015,-0.9446739000652724
1063,-0.9453769,-0.9264328895146438
1064,-0.969997,-0.9546288145680235
1065,-0.948565,-0.9300464227076723
1066,-0.9451004,-0.9394458970597724
1067,-0.9534693,-0.9209125756209227
1068,-0.96197724,-0.9448172539504565
1069,-0.9535748,-0.9236308880909035
1070,-0.9660326,-0.9405498681541267
1071,-0.9268589,-0.9127225599889233
1072,-0.9387734,-0.9255301851076478
1073,-0.92649305,-0.8350469065255205
1074,-0.93964386,-0.8888742114434449
1075,-0.9267148,-0.9155028164512913
1076,-0.93963176,-0.9337533853175954
1077,-0.93790495,-0.9264680090533903
1078,-0.9570774,-0.9286726343726184
1079,-0.9483443,-0.9354908703818643
1080,-0.94724596,-0.9329459006153834
1081,-0.95569956,-0.9315742058487257
1082,-0.94193286,-0.9367824981781918
1083,-0.9592689,-0.9213877755878677
1084,-0.9419581,-0.9277789362994513
1085,-0.9329529,-0.9366541118063954
1086,-0.93134457,-0.89141536415551
1087,-0.92973864,-0.8415864017428913
1088,-0.9350792,-0.863008593164432
1089,-0.9298182,-0.8751824970240955
1090,-0.9275446,-0.9272670726602992
1091,-0.9404733,-0.9502712650357967
1092,-0.9426009,-0.9208108933176965
1093,-0.9451233,-0.9468660354843947
1094,-0.95101905,-0.9127052038028665
1095,-0.9490695,-0.935910158883708
1096,-0.9431344,-0.9121120146355461
1097,-0.9541682,-0.9471880794112515
1098,-0.94257706,-0.9216523766754959
1099,-0.9652691,-0.9514293933416089
1100,-0.9280765,-0.9209232821522728
1101,-0.94388646,-0.9132388552853306
1102,-0.92697144,-0.8238163729978841
1103,-0.94524527,-0.9223964644125071
1104,-0.9244994,-0.9067604809608757
1105,-0.9438499,-0.9474248476598786
1106,-0.94115627,-0.9201467099384952
1107,-0.95499784,-0.9396290381388577
1108,-0.94856524,-0.907092391930403
1109,-0.9583574,-0.9489698450277801
1110,-0.95098484,-0.9258679486512653
1111,-0.9632565,-0.9471597257222009
1112,-0.9416652,-0.9197634358921027
1113,-0.95344675,-0.9495948491091661
1114,-0.92747355,-0.9115242113256241
1115,-0.94573367,-0.8771103529038531
1116,-0.9272987,-0.8392478323142659
1117,-0.94539326,-0.9400269197692075
1118,-0.92373145,-0.9222248880897521
1119,-0.9411262,-0.9371771091258384
1120,-0.9392367,-0.9226899252900678
1121,-0.9485933,-0.945101352978315
1122,-0.93727183,-0.8672184989325622
1123,-0.9615833,-0.9262933104414119
1124,-0.95414054,-0.9192073986546039
1125,-0.9631943,-0.9518278756018013
1126,-0.94087595,-0.9077842529514485
1127,-0.95472693,-0.9470660560549875
1128,-0.94152033,-0.8936892361992594
1129,-0.9544878,-0.8550939770426456
1130,-0.94704187,-0.8823370950598826
1131,-0.95103925,-0.7848482537867898
1132,-0.92554986,-0.7429621238027222
1133,-0.9588126,-0.7748292157641827
1134,-0.93886447,-0.9085366568232558
1135,-0.94112,-0.9477920670969882
1136,-0.95952696,-0.9180008608312975
1137,-0.96066546,-0.9489838201695385
1138,-0.9591656,-0.9151526284884879
1139,-0.9448782,-0.9566935705016784
1140,-0.94154054,-0.925286299470286
1141,-0.9578116,-0.950045568966881
1142,-0.95101714,-0.8538756431772865
1143,-0.946491,-0.8360850368366419
1144,-0.9253069,-0.9030942672481155
1145,-0.9463508,-0.9185149681635965
1146,-0.93302906,-0.922614397643186
1147,-0.95984507,-0.9372088012777895
1148,-0.950501,-0.9177940137570126
1149,-0.94059837,-0.9461637381088552
1150,-0.95488787,-0.9059668943504924
1151,-0.96081805,-0.9429751969341942
1152,-0.9568892,-0.9209530896168343
1153,-0.96389014,-0.9451311554590411
1154,-0.9265478,-0.9191089949491584
1155,-0.9506582,-0.88471973008255
1156,-0.9280864,-0.769763116535362
1157,-0.948817,-0.8639386006202223
1158,-0.9263687,-0.8435756845469826
1159,-0.9371388,-0.9143087513819945
1160,-0.9481573,-0.9202050488061368
1161,-0.9539529,-0.944310915145109
1162,-0.95518434,-0.9144790938147214
1163,-0.9619049,-0.9477736079598205
1164,-0.9454286,-0.9279435586160496
1165,-0.9583285,-0.9440467150947371
1166,-0.95195013,-0.9282897616223094
1167,-0.96608174,-0.9344149537772364
1168,-0.93945235,-0.9142629605112345
1169,-0.95125914,-0.9538110117121721
1170,-0.9271872,-0.9207816104915343
1171,-0.9379315,-0.8875529904068631
1172,-0.9283188,-0.8292001744680466
1173,-0.9380344,-0.9525821298700893
1174,-0.92402625,-0.9055056833404127
1175,-0.9413277,-0.9489845962826738
1176,-0.9422829,-0.9148726624209786
1177,-0.952345,-0.9523127758247887
1178,-0.94074655,-0.9194028157746345
1179,-0.9655856,-0.938799320615569
1180,-0.9515202,-0.9092347119592032
1181,-0.96333206,-0.9507807284288179
1182,-0.9282931,-0.9163159489643611
1183,-0.9484868,-0.9500817815192338
1184,-0.9270854,-0.8901334140028736
1185,-0.94571525,-0.8631871916212992
1186,-0.92622626,-0.16541518581181935
1187,-0.9475001,-0.9407158264282762
1188,-0.92669165,-0.9155857043225889
1189,-0.922216,-0.9467602581065804
1190,-0.9566884,-0.9197871974352485
1191,-0.93395084,-0.9220642010778899
1192,-0.92359734,-0.9160567532848447
1193,-0.9161992,-0.9422761243481045
1194,-0.92909133,-0.9261451900287723
1195,-0.93061125,-0.9441956176639266
1196,-0.94854355,-0.9253607011328655
1197,-0.9382936,-0.9523031071859569
1198,-0.9285083,-0.8294675045262231
1199,-0.94217396,-0.8580960144857699
1200,-0.9273877,-0.9112813115477798
1201,-0.94118536,-0.9499606853648953
1202,-0.9379927,-0.9192156134714353
1203,-0.96206754,-0.9393888085446788
1204,-0.9532571,-0.9019000179505183
1205,-0.9474964,-0.9390234990928151
1206,-0.94319856,-0.9292302951148199
1207,-0.96196383,-0.9407827108625191
1208,-0.95371294,-0.9294049843953307
1209,-0.96795285,-0.942599735625771
1210,-0.92980915,-0.9255110875794694
1211,-0.9424502,-0.906833198315631
1212,-0.932297,-0.8364631675609386
1213,-0.9372056,-0.9116997881066141
1214,-0.9271933,-0.9222730417178907
1215,-0.9327515,-0.9396138280130956
1216,-0.93917435,-0.9103413271562713
1217,-0.949388,-0.9342442064525877
1218,-0.94555354,-0.9339498824470741
1219,-0.94959354,-0.9397208610684165
1220,-0.9566105,-0.9238935488287735
1221,-0.9554844,-0.9416448501514831
1222,-0.94966626,-0.9120131356955131
1223,-0.9439111,-0.9384435343664514
1224,-0.93190414,-0.9254906236404372
1225,-0.9355372,-0.8591011261215917
1226,-0.92726195,-0.8279492007662927
1227,-0.9416124,-0.9411115733142345
1228,-0.9263979,-0.9081704881101786
1229,-0.9349159,-0.9369345586299088
1230,-0.9477066,-0.7493018723628679
1231,-0.9491853,-0.7694613555289429
1232,-0.9354709,-0.7422187155156027
1233,-0.95826566,-0.9200639182986052
1234,-0.9534798,-0.917507730530388
1235,-0.95908004,-0.930330953396698
1236,-0.95462835,-0.9300232142569765
1237,-0.9581546,-0.9417701947150099
1238,-0.94364834,-0.9275532237519073
1239,-0.9516953,-0.8239527928381011
1240,-0.93748236,-0.8789106631958308
1241,-0.9458641,-0.9248303951150858
1242,-0.9423786,-0.9417158583810381
1243,-0.94176626,-0.9198346351035271
1244,-0.95317835,-0.944958379387681
1245,-0.9515372,-0.9237555178436265
1246,-0.943501,-0.9296275510894765
1247,-0.9474231,-0.923018988003011
1248,-0.9459502,-0.9417676753387856
1249,-0.9568422,-0.9094573154050521
1250,-0.95999897,-0.9385725960729334
1251,-0.9297573,-0.9282424523600525
1252,-0.93590355,-0.8643293248889587
1253,-0.92739743,-0.8274346567710464
1254,-0.94330996,-0.9364792284793249
1255,-0.92704505,-0.9237284655993115
1256,-0.93717444,-0.946776140808133
1257,-0.9478705,-0.928665533506682
1258,-0.9493204,-0.9374563301730006
1259,-0.9372401,-0.9323232210141711
1260,-0.960312,-0.9441869222081626
1261,-0.956954,-0.9327776071016534
1262,-0.9649255,-0.9343376300355893
1263,-0.952644,-0.9192340606606488
1264,-0.93543845,-0.925196811689448
1265,-0.9276737,-0.9205089669610463
1266,-0.9337823,-0.848580015629107
1267,-0.92825025,-0.86528663962313
1268,-0.93452644,-0.9413291399220614
1269,-0.9284948,-0.9335452990670057
1270,-0.9359361,-0.9316034868147016
1271,-0.9512169,-0.9271503671746629
1272,-0.94811904,-0.9409903265039744
1273,-0.934403,-0.9214483373963784
1274,-0.9602016,-0.9345654514147114
1275,-0.9421699,-0.9448256150852612
1276,-0.9637005,-0.9225954500510143
1277,-0.94211274,-0.9318336876571814
1278,-0.93823576,-0.9238249231957082
1279,-0.92938554,-0.880540449098874
1280,-0.9313979,-0.847473158155478
1281,-0.93745106,-0.9115728669238472
1282,-0.9275557,-0.9359563330818368
1283,-0.93400604,-0.933996806129941
1284,-0.9406748,-0.9397761325195344
1285,-0.94570076,-0.9265972621510329
1286,-0.9398097,-0.9412594876199187
1287,-0.9490081,-0.923616455068256
1288,-0.95973414,-0.9268211774121822
1289,-0.94613606,-0.9202190037326609
1290,-0.96334946,-0.9307839228389988
1291,-0.9275985,-0.890137095665374
1292,-0.9364947,-0.8509293689090999
1293,-0.93008476,-0.3305376900954443
1294,-0.93418413,-0.38711729712766263
1295,-0.92712045,-0.9130370232600382
1296,-0.9305426,-0.9352651847782341
1297,-0.96101284,-0.9140438937979196
1298,-0.940644,-0.9301095126035923
1299,-0.92731047,-0.9169629434017396
1300,-0.88178515,-0.6829558913239728
1301,-0.9117056,-0.9045484812058363
1302,-0.95840156,-0.9150230683159524
1303,-0.92294675,-0.9241288540714219
1304,-0.9672209,-0.9372443023460568
1305,-0.9593787,-0.9348680783862574
1306,-0.9514387,-0.9113092193621322
1307,-0.9408156,-0.83610964224544
1308,-0.94293845,-0.9008906390041159
1309,-0.9604199,-0.9248361940063405
1310,-0.93468666,-0.9413523069892975
1311,-0.93995357,-0.9352322049357884
1312,-0.9506137,-0.9233077787726747
1313,-0.9467428,-0.9251237684488168
1314,-0.9459084,-0.9475996918390595
1315,-0.9556392,-0.930668124737273
1316,-0.9414282,-0.9451218938544257
1317,-0.9630612,-0.9321179262302598
1318,-0.9380686,-0.9310894522427295
1319,-0.9282756,-0.9361902613749713
1320,-0.94039315,-0.8850841637530873
1321,-0.9267394,-0.8377090676018865
1322,-0.93965375,-0.8773354878777794
1323,-0.9287025,-0.9266095911625172
1324,-0.9270364,-0.933775270153256
1325,-0.9397743,-0.9226630008288619
1326,-0.9453051,-0.9509364301171968
1327,-0.9455031,-0.9457593168516509
1328,-0.9421431,-0.9430127201550127
1329,-0.9586644,-0.738023688229763
1330,-0.9426921,-0.7747144282066234
1331,-0.95615363,-0.6615595584460021
1332,-0.94649947,-0.9503240502529788
1333,-0.94989353,-0.9146075115875629
1334,-0.9547438,-0.9208752453191056
1335,-0.94579875,-0.8284770844998912
1336,-0.9506171,-0.8936979156206883
1337,-0.9288629,-0.9149607071344075
1338,-0.9442014,-0.9456830557860276
1339,-0.9544032,-0.9193441883024984
1340,-0.969023,-0.946863122805684
1341,-0.94827735,-0.9393518203470919
1342,-0.9483667,-0.9394094757113336
1343,-0.951919,-0.9188541450855723
1344,-0.95069325,-0.9500793132946117
1345,-0.94992256,-0.9163611593576175
1346,-0.9550204,-0.9465999578019826
1347,-0.92863625,-0.9261143182505471
1348,-0.93592954,-0.8967123443554459
1349,-0.9255849,-0.8138440920597079
1350,-0.94443095,-0.9346246965795056
1351,-0.92563343,-0.9249240107991534
1352,-0.94048476,-0.9472079975993197
1353,-0.94448876,-0.9210908256212477
1354,-0.9522014,-0.9450540198314997
1355,-0.94804704,-0.9299998433624371
1356,-0.9580829,-0.9547465221435947
1357,-0.9546763,-0.9235156969182885
1358,-0.966792,-0.9515167347648521
1359,-0.9544903,-0.9240477947190062
1360,-0.9417033,-0.9496464525404886
1361,-0.9250503,-0.9155787532038429
1362,-0.94198734,-0.8615261143942896
1363,-0.92525995,-0.8369976131474824
1364,-0.9438741,-0.8698836632911005
1365,-0.9232111,-0.9000614108972331
1366,-0.93800443,-0.9369756742324102
1367,-0.9380547,-0.9153117789734869
1368,-0.9460752,-0.9478825853626993
1369,-0.9454659,-0.9252390930199824
1370,-0.95360816,-0.9432670354980558
1371,-0.9489913,-0.9322767956486598
1372,-0.9571084,-0.9392899619365516
1373,-0.943636,-0.9140724390018912
1374,-0.96496916,-0.9452861536165749
1375,-0.9270001,-0.927353185986341
1376,-0.9390029,-0.9408825640557534
1377,-0.92746484,-0.8514348200509727
1378,-0.93827057,-0.8642409689474881
1379,-0.927078,-0.9239873400119578
1380,-0.9390612,-0.9357900452166796
1381,-0.93548584,-0.9133292037617879
1382,-0.95663357,-0.9446633268817495
1383,-0.94945335,-0.930369579512105
1384,-0.9376893,-0.9459518228493048
1385,-0.955438,-0.9094624200194078
1386,-0.95826447,-0.9381702088334888
1387,-0.9525094,-0.9408607960855306
1388,-0.9614621,-0.9303327633182723
1389,-0.9268905,-0.941692740910979
1390,-0.9451063,-0.886755162092626
1391,-0.92966384,-0.8563917733221629
1392,-0.93657625,-0.8877998825807147
1393,-0.93837416,-0.9496811540937424
1394,-0.92727053,-0.9273678048934038
1395,-0.9470494,-0.9445747742623888
1396,-0.94333184,-0.928430209893186
1397,-0.9426533,-0.9140669881510621
1398,-0.93664515,-0.9258849075609821
1399,-0.9643868,-0.9432899045018257
1400,-0.92746234,-0.9301641420908107
1401,-0.9649935,-0.9385170337480399
1402,-0.9345781,-0.9207181837844449
1403,-0.9318274,-0.9374575093197319
1404,-0.93054163,-0.8703907232687205
1405,-0.9420949,-0.8567602485685598
1406,-0.9280207,-0.9244442409041125
1407,-0.9403289,-0.9496919922475228
1408,-0.93026733,-0.9285687371069649
1409,-0.9497039,-0.9257308435507674
1410,-0.946305,-0.9266871575829744
1411,-0.9368391,-0.8967131224621792
1412,-0.9489917,-0.8898241310948667
1413,-0.9627202,-0.9444542342936985
1414,-0.95123905,-0.9126220490610506
1415,-0.9594339,-0.9385712922281199
1416,-0.9388056,-0.9324540682870948
1417,-0.939003,-0.9105586936933956
1418,-0.9289164,-0.8380173369511827
1419,-0.9566592,-0.9101642361396765
1420,-0.9304932,-0.9264437904420324
1421,-0.95580953,-0.9195483768114074
1422,-0.9396032,-0.922183711315776
1423,-0.9489558,-0.929711393132174
1424,-0.9442578,-0.9263271271887408
1425,-0.946752,-0.9401784538307494
1426,-0.9627806,-0.9228620802945389
1427,-0.9407211,-0.929741529270932
1428,-0.96020466,-0.7606200124459781
1429,-0.9352636,-0.7768857785352212
1430,-0.92891705,-0.7661842745080973
1431,-0.93433744,-0.8650276249719826
1432,-0.9464888,-0.8321502675196201
1433,-0.9588053,-0.8888491426574504
1434,-0.9509741,-0.9265068755514153
1435,-0.95797694,-0.9297419600088774
1436,-0.94985354,-0.9176284099753214
1437,-0.9666329,-0.9383474759371316
1438,-0.94750226,-0.9115035389790775
1439,-0.9415423,-0.9427566057081831
1440,-0.9591868,-0.9349555348723573
1441,-0.9524076,-0.9402986346263005
1442,-0.95769644,-0.9336529414734878
1443,-0.95235384,-0.9404863270020449
1444,-0.92807466,-0.8477560675421639
1445,-0.94184107,-0.8336820243006977
1446,-0.93012094,-0.8739936049097504
1447,-0.9321428,-0.9220405392280491
1448,-0.9347442,-0.9319058794730863
1449,-0.9505359,-0.9412153055137102
1450,-0.9506253,-0.9253579476643834
1451,-0.94661474,-0.9400943686899257
1452,-0.9488548,-0.9354724475057183
1453,-0.9584078,-0.9391337532915625
1454,-0.9468795,-0.9308167720327774
1455,-0.9658646,-0.9401644921921599
1456,-0.93767977,-0.9315039187791846
1457,-0.9362881,-0.9251780816964397
1458,-0.9296734,-0.8684319115611101
1459,-0.93296736,-0.8504071271022109
1460,-0.92794454,-0.9404689397380676
1461,-0.93141073,-0.9370433857956695
1462,-0.93092513,-0.9180245291248113
1463,-0.9435569,-0.9414631360546503
1464,-0.9471345,-0.9342737018808565
1465,-0.93405133,-0.9382341082435919
1466,-0.9583409,-0.931789761594634
1467,-0.9612022,-0.9438158866823732
1468,-0.957529,-0.9276341339474394
1469,-0.9615648,-0.9242606374665838
1470,-0.9324106,-0.9210673627053965
1471,-0.9336646,-0.9219906373359932
1472,-0.9273174,-0.8407679139781874
1473,-0.9344826,-0.8902600824562386
1474,-0.93017113,-0.16173416981859878
1475,-0.93108606,-0.928357176409519
1476,-0.93814844,-0.9240201419161533
1477,-0.9319699,-0.9376541539717782
1478,-0.9441725,-0.9314605276562433
1479,-0.9413544,-0.9394019036988247
1480,-0.9059193,-0.926704745966682
1481,-0.92335343,-0.9369154909209901
1482,-0.92707074,-0.9053782130576591
1483,-0.9297706,-0.9432853079589665
1484,-0.9498999,-0.928802196634656
1485,-0.9351027,-0.8778180998748113
1486,-0.92758876,-0.8006348271488946
1487,-0.9413335,-0.9417666254965077
1488,-0.9268851,-0.9291919675444411
1489,-0.9368285,-0.9363038459518153
1490,-0.9481128,-0.9225735001973419
1491,-0.95264983,-0.9429442112213369
1492,-0.9452047,-0.9272456438870922
1493,-0.9583357,-0.9351424181109369
1494,-0.95789677,-0.9197050303214566
1495,-0.964873,-0.9401258683150855
1496,-0.95769435,-0.9338368041985499
1497,-0.93745816,-0.9404049477147272
1498,-0.9287165,-0.9256642315587882
1499,-0.93790233,-0.8533618694452952
1500,-0.92826194,-0.8478038548752878
1501,-0.935936,-0.9339645380614221
1502,-0.9272943,-0.9311753287187725
1503,-0.93444437,-0.9432102616790257
1504,-0.9452498,-0.9323442804011655
1505,-0.9490185,-0.9394205453967388
1506,-0.93524814,-0.9128769006226561
1507,-0.95814884,-0.9432457765492603
1508,-0.951782,-0.9258953376972139
1509,-0.9641769,-0.9401530958435753
1510,-0.9487423,-0.9179813732074039
1511,-0.9390613,-0.9369370491613024
1512,-0.9274068,-0.8891108301164992
1513,-0.94075865,-0.8440796674584485
1514,-0.9293933,-0.8833440223163544
1515,-0.93972725,-0.94208163630326
1516,-0.92555285,-0.9342918573737711
1517,-0.9436035,-0.9397091815758565
1518,-0.9450574,-0.9188382124918746
1519,-0.9445816,-0.9305884015718306
1520,-0.93691576,-0.9347607886874281
1521,-0.96134025,-0.9300483887217299
1522,-0.9313179,-0.9284441898366117
1523,-0.9668538,-0.9319058961107658
1524,-0.9333919,-0.9385854445952013
1525,-0.93258893,-0.928622092453173
1526,-0.93482053,-0.8455538927334273
1527,-0.931996,-0.6731715261353608
1528,-0.9322977,-0.751606320543265
1529,-0.92828184,-0.7810158063623667
1530,-0.92954665,-0.9226547093634665
1531,-0.9565402,-0.9316943402413667
1532,-0.9500636,-0.9328849516387013
1533,-0.9532261,-0.9319631921636686
1534,-0.95414937,-0.9372372120919479
1535,-0.95204556,-0.9174688995303677
1536,-0.9568993,-0.9592352446506176
1537,-0.9534534,-0.9118333443254301
1538,-0.9459808,-0.9458502779925411
1539,-0.9546237,-0.9162111808293611
1540,-0.9376223,-0.8740356818818247
1541,-0.9248296,-0.8331079257582373
1542,-0.95034313,-0.9322450267398916
1543,-0.92483544,-0.9093970301003076
1544,-0.94983226,-0.9498289122771106
1545,-0.940887,-0.9182294832045803
1546,-0.94791067,-0.9446908499042777
1547,-0.9391798,-0.9176850624923142
1548,-0.9626635,-0.9514072907724438
1549,-0.94911885,-0.9236530434088263
1550,-0.9661148,-0.9417978845383226
1551,-0.9340391,-0.9187344959981276
1552,-0.95050144,-0.9385140379478646
1553,-0.9255052,-0.8887301484844901
1554,-0.944152,-0.839975852944816
1555,-0.9264939,-0.881001111841518
1556,-0.9414532,-0.9439912619506963
1557,-0.9255713,-0.9233140836633336
1558,-0.9436273,-0.9217404983667075
1559,-0.9455844,-0.9173982834682928
1560,-0.94512534,-0.9482850276444037
1561,-0.9355455,-0.9189821170232694
1562,-0.9634237,-0.9408545217397044
1563,-0.9338179,-0.9223924993934756
1564,-0.9620724,-0.9398543059104132
1565,-0.9298532,-0.9276508551914315
1566,-0.94587857,-0.9125611736146171
1567,-0.9272069,-0.8627970299366906
1568,-0.94824517,-0.8434131125079152
1569,-0.9272191,-0.9147001697663971
1570,-0.93425846,-0.9297452086652431
1571,-0.93160194,-0.9297802854259622
1572,-0.9422332,-0.9316178648985873
1573,-0.9473319,-0.8994550738411659
1574,-0.9386445,-0.932800005808667
1575,-0.9540597,-0.9255129582780188
1576,-0.955078,-0.9387385176727279
1577,-0.95791274,-0.9163697036231114
1578,-0.9658657,-0.9116962350296031
1579,-0.93061674,-0.8903555309855502
1580,-0.9417713,-0.8300067601654384
1581,-0.9343487,-0.41832060656497616
1582,-0.9393017,-0.32674229545569
1583,-0.9297974,-0.920411970755171
1584,-0.92665863,-0.9342159817066003
1585,-0.9597229,-0.9127452643994138
1586,-0.9430297,-0.9291873982272761
1587,-0.9291826,-0.9254721762812069
1588,-0.879368,-0.7094244747628863
1589,-0.8997001,-0.9206449694286651
1590,-0.95970476,-0.8951977582446702
1591,-0.9269613,-0.9166161168130924
1592,-0.9654486,-0.9548701755366565
1593,-0.95902836,-0.9292946879628536
1594,-0.9520979,-0.9246218373686703
1595,-0.9447225,-0.8437189764274237
1596,-0.9438062,-0.8823010560624396
1597,-0.94709194,-0.9290068880600371
1598,-0.942413,-0.9388287158041599
1599,-0.93655896,-0.932258556092807
1600,-0.96680695,-0.9438688065920052
1601,-0.9484962,-0.9303187480059224
